Enu[GeV] 0
11.336355 153.822
14.31343 183.719
18.019555 224.538
22.685205 275.854
28.559015 336.059
35.953649999999996 400.581
45.263 461.012
56.98274 515.251
71.737075 565.645
90.31156 603.361
113.6953 621.68
143.1343 628.914
180.19555 626.93
226.85205000000002 603.469
285.59015 564.868
359.5365 517.49
452.63 465.343
569.8274 407.283
717.37075 342.93
903.1156000000001 268.771
1136.953 196
1431.3429999999998 132.293
1801.9555 76.9118
2268.5205 38.1935
2855.9015 16.8306
3595.365 6.02234
4526.3 0.875255
5698.274 0.00505058
