433  s  0.980425  0.101793  0.337479  1.27742  -0.374238  0.19928  1.20036  1.46831  -0.464735  -0.138772  1.38186  Lambda_c+  4.68135  0.132321  -0.510899  4.05076  0  0  0  0  0  0  0  0  0  0  0  0  0  0  0  0  0  0
10700  s  0.526241  0.0258428  0.23534  0.599123  0.0370317  -0.119579  0.576293  0.680721  0.32058  0.285284  0.517744  Lambda_c+  5.85432  0.205511  0.000839386  5.38544  0  0  0  0  0  0  0  0  0  0  0  0  0  0  0  0  0  0
13244  s  0.699249  0.0459397  0.256445  0.637825  -0.0929768  -0.170811  0.598194  0.930341  -0.474215  0.0806981  0.78929  Lambda_c+  4.87136  0.277895  0.528162  4.25982  0  0  0  0  0  0  0  0  0  0  0  0  0  0  0  0  0  0
22552  d  0.940984  0.224886  0.221142  4.21139  0.697215  -0.310056  4.14034  1.08007  -0.285762  0.238799  1.00831  eta  1.66892  -0.510459  0.170262  1.48175  0.561564  -0.247195  -0.0755145  0.487219  eta  1.66892  -0.510459  0.170262  1.48175  0  0  0  0  0  0  0  0  0
45677  s  0.770074  0.0531492  0.253784  0.363775  -0.123462  -0.0783228  0.315897  1.36344  -0.177974  0.507618  1.24838  Lambda_c+  5.78122  -0.333009  0.0195179  5.29937  0  0  0  0  0  0  0  0  0  0  0  0  0  0  0  0  0  0
55517  s  1.24215  0.135402  0.329512  0.237141  -0.108874  0.142215  0.113987  1.17781  0.502696  -0.372279  0.99236  Lambda_c+  5.74278  0.112606  -0.0391794  5.26663  0  0  0  0  0  0  0  0  0  0  0  0  0  0  0  0  0  0
57673  s  0.679375  0.041066  0.240506  0.320253  -0.0533516  -0.0926267  0.282793  2.48785  -0.352854  0.0778333  2.4592  Lambda_c+  5.59917  -0.213571  0.13125  5.1049  0  0  0  0  0  0  0  0  0  0  0  0  0  0  0  0  0  0
65469  s  1.12498  0.112439  0.309726  0.31148  0.19618  -0.0560452  0.210304  0.194062  -0.119871  -0.0846474  -0.0704407  Lambda_c+  5.1066  -0.591358  -0.482422  4.50189  0  0  0  0  0  0  0  0  0  0  0  0  0  0  0  0  0  0
71194  s  0.408857  0.0180023  0.259939  1.36127  0.10872  -0.123653  1.34714  1.00444  0.0965869  0.130866  0.98554  Lambda_c+  4.60528  -0.210443  -0.0335104  3.9919  0  0  0  0  0  0  0  0  0  0  0  0  0  0  0  0  0  0
79875  s  1.30936  0.15875  0.362782  0.554557  -0.313983  -0.152369  0.417812  0.762734  0.204188  0.41738  0.595567  Lambda_c+  5.18948  0.410227  0.310265  4.63015  0  0  0  0  0  0  0  0  0  0  0  0  0  0  0  0  0  0
