576  s  3.09153  0.294318  0.361616  9.02068  -0.941106  1.78566  8.79131  3.31544  0.351997  -1.12412  3.09733  D+  9.84585  0.341689  -1.38658  9.56065  0  0  0  0  0  0  0  0  0  0  0  0  0  0  0  0  0  0
1656  s  1.16461  0.029548  0.0785221  0.650867  0.127749  0.0868489  0.623379  4.16778  0.670919  0.0603547  4.11163  D0  14.0442  1.46022  -0.408249  13.837  0  0  0  0  0  0  0  0  0  0  0  0  0  0  0  0  0  0
2087  s  2.37843  0.13802  0.19242  3.27752  -0.0272497  -0.845541  3.1647  2.64663  -0.243312  0.0253828  2.63318  D+  16.6914  -0.443749  0.959389  16.5527  0  0  0  0  0  0  0  0  0  0  0  0  0  0  0  0  0  0
2187  s  1.35549  0.0627811  0.139497  9.52307  0.228449  0.797563  9.48627  0.44312  0.0899143  -0.236645  0.348003  D+  10.2897  0.00641148  -0.188335  10.1166  0  0  0  0  0  0  0  0  0  0  0  0  0  0  0  0  0  0
2938  s  0.779773  0.013143  0.0617618  0.674882  -0.0633158  -0.0573703  0.661061  3.616  -0.0336881  -0.351026  3.59721  D0  13.0759  0.116971  -0.447232  12.934  0  0  0  0  0  0  0  0  0  0  0  0  0  0  0  0  0  0
3783  s  0.471189  0.00507958  0.0565518  1.82705  -0.0753516  -0.00986888  1.82241  3.33688  -0.0651268  0.20041  3.32855  Lambda_c+  19.1867  0.0140463  0.418669  19.0454  0  0  0  0  0  0  0  0  0  0  0  0  0  0  0  0  0  0
3821  s  1.91908  0.107344  0.172577  6.8358  -0.817874  -0.565504  6.76227  2.44828  0.0845879  0.479251  2.3971  D+  15.8675  1.4652  0.470107  15.6817  0  0  0  0  0  0  0  0  0  0  0  0  0  0  0  0  0  0
4191  s  1.48297  0.0868705  0.175461  11.6282  -0.228343  0.978773  11.5842  1.58086  -0.0464751  -0.311492  1.54556  D+  11.637  -0.671689  -1.15945  11.4074  0  0  0  0  0  0  0  0  0  0  0  0  0  0  0  0  0  0
5952  s  1.5386  0.0713853  0.139047  7.44693  -0.0692824  0.828812  7.39958  3.79176  0.0502533  -0.552339  3.74949  D+  9.88546  -0.216235  0.00130599  9.70465  0  0  0  0  0  0  0  0  0  0  0  0  0  0  0  0  0  0
6055  s  0.497808  0.0055455  0.0558895  1.30534  -0.0247774  0.0406636  1.30018  4.8245  -0.48542  -0.281824  4.79057  D+  19.8226  -0.675461  -0.610868  19.7133  0  0  0  0  0  0  0  0  0  0  0  0  0  0  0  0  0  0
6299  s  0.601487  0.00880241  0.0635349  3.21642  0.111957  0.154926  3.209  1.41584  -0.000820378  -0.284262  1.38298  D+  16.9291  -0.068588  0.0107926  16.8254  0  0  0  0  0  0  0  0  0  0  0  0  0  0  0  0  0  0
7210  s  2.61989  0.17635  0.233388  4.37776  -0.885324  0.620075  4.24091  3.07128  -0.377834  -0.30535  3.03078  D0  17.5081  0.625781  -1.06604  17.3646  0  0  0  0  0  0  0  0  0  0  0  0  0  0  0  0  0  0
7310  s  1.00743  0.049047  0.157634  14.0917  0.522352  -0.539634  14.0713  1.21884  -0.11276  -0.143698  1.20044  D+  7.1728  -0.555418  -0.231141  6.89867  0  0  0  0  0  0  0  0  0  0  0  0  0  0  0  0  0  0
7971  s  1.69473  0.0654437  0.116569  1.73178  -0.10347  0.416677  1.67439  0.610084  0.239289  -0.124345  0.536952  D+  19.6962  1.27317  -0.498672  19.5596  0  0  0  0  0  0  0  0  0  0  0  0  0  0  0  0  0  0
10110  s  1.25361  0.0518262  0.125903  11.8791  0.494343  0.876423  11.836  1.67384  0.14348  0.39297  1.61727  Lambda_c+  8.3165  0.961168  -0.0273361  7.93799  0  0  0  0  0  0  0  0  0  0  0  0  0  0  0  0  0  0
10523  cbar  2.14676  0.210645  0.209818  8.37989  -1.49988  0.0762978  8.24353  1.44241  0.0588604  0.156212  1.42882  Lambda_c+  5.11659  -0.0406141  -0.857009  4.49616  0  0  0  0  0  0  0  0  0  0  0  0  0  0  0  0  0  0
10631  s  0.597781  0.0108095  0.0788547  7.91739  0.140824  0.296575  7.90988  4.1281  0.664812  0.0946382  4.07175  D+  10.2562  0.331064  -0.337378  10.0733  0  0  0  0  0  0  0  0  0  0  0  0  0  0  0  0  0  0
10851  s  1.15235  0.0324548  0.0873929  3.31527  0.378443  -0.147109  3.28862  0.967471  0.26477  0.418025  0.824614  D0  7.48335  0.414034  0.666969  7.20462  0  0  0  0  0  0  0  0  0  0  0  0  0  0  0  0  0  0
11469  s  2.57061  0.178026  0.237851  5.25739  -0.845988  -0.670236  5.14432  4.37817  0.101584  0.554912  4.34039  D+  11.1537  1.00269  0.649971  10.9308  0  0  0  0  0  0  0  0  0  0  0  0  0  0  0  0  0  0
12123  s  1.21741  0.0323566  0.0814287  0.709827  0.0943707  0.145753  0.680103  2.32942  0.103863  0.108583  2.32217  D+  21.8354  -0.354562  0.674371  21.7419  0  0  0  0  0  0  0  0  0  0  0  0  0  0  0  0  0  0
12220  s  0.747431  0.0127136  0.0639028  1.7028  0.155638  -0.0557841  1.69146  5.94316  0.352736  -0.269495  5.92561  D+  12.329  -0.094721  -0.141051  12.1852  0  0  0  0  0  0  0  0  0  0  0  0  0  0  0  0  0  0
12310  s  0.531699  0.00878187  0.0786622  6.64178  0.0394559  0.273848  6.63518  2.74709  0.079448  -0.401847  2.71432  D0  16.4787  -0.894311  -0.5432  16.3394  0  0  0  0  0  0  0  0  0  0  0  0  0  0  0  0  0  0
13014  s  0.87396  0.0166529  0.065688  0.677061  0.0460726  -0.0858143  0.661635  5.1959  0.712136  0.198539  5.14195  D+  18.7978  0.624531  -0.518293  18.687  0  0  0  0  0  0  0  0  0  0  0  0  0  0  0  0  0  0
13197  s  1.32156  0.0420517  0.0961496  2.98621  -0.172012  -0.408637  2.95122  0.99859  -0.196124  0.0219389  0.973176  Lambda_c+  21.7025  0.0218728  0.204698  21.5808  0  0  0  0  0  0  0  0  0  0  0  0  0  0  0  0  0  0
14319  s  0.746194  0.0149044  0.0751106  5.21082  -0.264963  -0.190594  5.19952  4.70985  0.488605  0.360326  4.66937  D+  16.2954  0.838998  -0.0963746  16.1657  0  0  0  0  0  0  0  0  0  0  0  0  0  0  0  0  0  0
15909  s  0.855505  0.0173717  0.0707532  2.66748  -0.213698  -0.147846  2.65269  1.30891  0.216808  0.012043  1.28644  D+  17.5286  1.46066  0.217683  17.3659  0  0  0  0  0  0  0  0  0  0  0  0  0  0  0  0  0  0
16547  s  0.288313  0.0032017  0.0898587  11.2225  0.1755  0.000464442  11.2207  3.13606  -0.568005  -0.188997  3.07658  D0  9.34815  -0.375585  -0.36527  9.14526  0  0  0  0  0  0  0  0  0  0  0  0  0  0  0  0  0  0
16612  s  0.687641  0.0138786  0.0798972  6.96296  0.0793725  0.341485  6.95333  5.11421  -0.454289  0.396587  5.07743  D0  15.4109  -0.420494  -0.292719  15.2891  0  0  0  0  0  0  0  0  0  0  0  0  0  0  0  0  0  0
16993  s  1.83769  0.100846  0.167718  7.27346  -0.979271  0.0801539  7.20602  5.21131  0.243922  0.375388  5.19097  D+  14.7903  1.80405  -0.0902155  14.56  0  0  0  0  0  0  0  0  0  0  0  0  0  0  0  0  0  0
17451  s  1.53037  0.0531209  0.104051  0.544957  0.251925  -0.0029856  0.471528  1.40272  0.208117  0.121911  1.37779  D+  7.96387  -0.0146474  0.299515  7.7355  0  0  0  0  0  0  0  0  0  0  0  0  0  0  0  0  0  0
17924  d  1.53924  0.123708  0.123421  14.9128  -0.428657  -1.10276  14.8655  0.378907  -0.0135333  0.011903  0.363431  eta  0.626905  0.0940033  -0.105341  0.270068  0.148898  0.0906106  -0.0451842  -0.0274726  eta  0.626905  0.0940033  -0.105341  0.270068  0  0  0  0  0  0  0  0  0
18304  s  0.872012  0.0235287  0.0931075  7.89669  -0.430189  0.214704  7.88133  1.65865  -0.00378335  -0.278517  1.63167  D+  7.41501  -0.51579  -0.289447  7.15102  0  0  0  0  0  0  0  0  0  0  0  0  0  0  0  0  0  0
19565  s  0.983411  0.0397006  0.131967  12.1377  0.0625577  -0.676201  12.1182  1.50267  -0.432054  -0.20877  1.42007  D+  11.3759  -0.43016  0.302092  11.2089  0  0  0  0  0  0  0  0  0  0  0  0  0  0  0  0  0  0
20849  s  1.52619  0.0498752  0.097962  0.231964  0.0826219  -0.0381066  0.185377  2.41269  -0.0982496  -0.0520965  2.40781  D+  18.3157  -0.803773  0.480273  18.1959  0  0  0  0  0  0  0  0  0  0  0  0  0  0  0  0  0  0
20961  s  0.614718  0.0113218  0.0787179  7.33275  0.0752082  0.310927  7.32501  0.293967  0.208027  -0.0413217  0.173983  D0  10.2723  -0.0045788  0.0117245  10.1016  0  0  0  0  0  0  0  0  0  0  0  0  0  0  0  0  0  0
21113  s  2.42784  0.12791  0.176313  3.08894  -0.72655  0.529761  2.95328  2.20641  -0.215102  -0.103308  2.19092  D0  16.2096  -0.349632  -0.119539  16.0978  0  0  0  0  0  0  0  0  0  0  0  0  0  0  0  0  0  0
21185  s  1.85027  0.0745682  0.123404  0.653197  -0.234483  -0.135996  0.584829  0.443296  0.0573152  0.0464545  0.424151  Lambda_c+  20.1763  -0.112775  -0.213338  20.0449  0  0  0  0  0  0  0  0  0  0  0  0  0  0  0  0  0  0
21372  s  2.14342  0.0980307  0.145773  0.565029  0.0976708  0.314113  0.447087  2.86032  0.510031  -0.393711  2.7848  D0  10.7717  0.915049  -0.89279  10.5317  0  0  0  0  0  0  0  0  0  0  0  0  0  0  0  0  0  0
21526  s  0.723855  0.0114403  0.0605535  0.712219  0.0483433  -0.0394773  0.701567  3.52355  0.392553  -0.375008  3.47987  D+  13.2635  0.723959  -0.212768  13.1094  0  0  0  0  0  0  0  0  0  0  0  0  0  0  0  0  0  0
21829  s  1.23378  0.0390932  0.0968056  0.372564  0.0977848  -0.109241  0.325798  2.84927  0.509486  0.443313  2.76606  D+  10.1847  -0.252318  0.664355  9.9864  0  0  0  0  0  0  0  0  0  0  0  0  0  0  0  0  0  0
23445  s  1.07675  0.0271471  0.0797895  2.35997  0.224027  0.219276  2.33667  1.5719  -0.0273586  -0.476632  1.49391  D0  9.53084  0.179874  -0.0650731  9.34465  0  0  0  0  0  0  0  0  0  0  0  0  0  0  0  0  0  0
23913  s  0.691936  0.0116659  0.0664747  3.24853  0.135182  -0.183926  3.23878  4.44814  -0.605884  0.21758  4.40004  Lambda_c+  18.1443  -0.498696  0.544278  17.9845  0  0  0  0  0  0  0  0  0  0  0  0  0  0  0  0  0  0
24401  s  1.12893  0.027985  0.0773497  0.850062  -0.153666  0.089867  0.824471  2.75577  -0.469382  0.128485  2.71041  D_s+  16.5881  -0.553482  0.53281  16.453  0  0  0  0  0  0  0  0  0  0  0  0  0  0  0  0  0  0
25193  s  0.864365  0.0196155  0.078659  4.82165  -0.241427  0.275459  4.80655  1.2175  0.116162  0.126091  1.20073  D_s+  18.1608  0.464227  0.258457  18.0459  0  0  0  0  0  0  0  0  0  0  0  0  0  0  0  0  0  0
25416  s  0.704359  0.014407  0.0797233  6.76803  -0.0737229  0.346384  6.75793  0.568194  0.0414872  -0.00676914  0.556699  D0  16.4887  0.215448  -0.404625  16.3764  0  0  0  0  0  0  0  0  0  0  0  0  0  0  0  0  0  0
26453  s  1.79293  0.0787444  0.133663  3.36443  -0.64336  0.0534341  3.30022  2.72463  0.477865  0.145771  2.67635  D0  16.5366  0.0717973  -1.10603  16.3937  0  0  0  0  0  0  0  0  0  0  0  0  0  0  0  0  0  0
26692  s  0.805969  0.0141846  0.0632992  0.714814  0.0789844  -0.0350369  0.701662  1.05435  0.118803  0.0361622  1.04167  D0  19.857  -0.133003  -0.839557  19.7509  0  0  0  0  0  0  0  0  0  0  0  0  0  0  0  0  0  0
26712  s  1.03663  0.0317223  0.0980842  7.23398  0.588694  -0.402917  7.19794  2.0022  -0.488031  0.13384  1.93431  D0  6.71052  -0.474962  0.397049  6.4164  0  0  0  0  0  0  0  0  0  0  0  0  0  0  0  0  0  0
26984  s  2.46939  0.195993  0.26733  5.595  0.876698  -0.979911  5.43729  5.28669  -0.729604  0.766393  5.17863  Lambda_c+  13.1981  -1.02255  2.48296  12.7182  0  0  0  0  0  0  0  0  0  0  0  0  0  0  0  0  0  0
27112  s  0.546334  0.00800541  0.0683409  5.24992  0.208933  0.0993069  5.24376  1.63023  -0.230233  0.499189  1.53111  D+  13.7869  -0.581708  0.498057  13.638  0  0  0  0  0  0  0  0  0  0  0  0  0  0  0  0  0  0
27223  s  1.10757  0.0280245  0.0793843  1.47364  -0.318218  0.191048  1.42222  1.60853  0.0899104  -0.0795909  1.60055  D0  14.1707  0.242558  0.747043  14.0255  0  0  0  0  0  0  0  0  0  0  0  0  0  0  0  0  0  0
27342  s  0.514846  0.00592612  0.0562231  1.2833  -0.0190285  0.050557  1.2778  4.57368  -0.0127423  0.158679  4.56969  D+  20.5648  0.389409  0.225909  20.4746  0  0  0  0  0  0  0  0  0  0  0  0  0  0  0  0  0  0
27506  s  1.03007  0.0279714  0.0872404  4.90458  -0.178863  -0.407113  4.88324  4.12134  -0.1808  0.268319  4.10726  D0  16.876  1.16599  -0.0255567  16.732  0  0  0  0  0  0  0  0  0  0  0  0  0  0  0  0  0  0
27891  s  1.34211  0.049944  0.112225  5.89965  0.480478  -0.427036  5.86357  1.4283  -0.361706  0.180152  1.36587  D+  16.3767  -0.0763215  -0.0757453  16.2693  0  0  0  0  0  0  0  0  0  0  0  0  0  0  0  0  0  0
28110  s  0.443645  0.00690508  0.0858304  9.92938  -0.191231  0.185647  9.92524  2.3474  0.266528  0.218383  2.31956  D+  12.9472  -0.1324  -0.0327491  12.8108  0  0  0  0  0  0  0  0  0  0  0  0  0  0  0  0  0  0
28551  s  0.834094  0.0168898  0.07149  1.73881  0.195789  0.0686187  1.72316  4.30279  0.451415  -0.0581047  4.27734  D0  16.4302  -0.874989  0.401733  16.2956  0  0  0  0  0  0  0  0  0  0  0  0  0  0  0  0  0  0
28833  s  0.442377  0.00439054  0.0548654  1.36644  0.00831618  -0.00169982  1.36232  3.59116  0.417581  -0.16299  3.56151  D+  18.677  -0.0893895  0.681612  18.5705  0  0  0  0  0  0  0  0  0  0  0  0  0  0  0  0  0  0
28861  s  2.59473  0.153197  0.203811  1.69958  0.460444  -0.463791  1.56535  5.39402  -0.358489  -0.345497  5.36995  D0  17.0188  -1.54904  -0.0889156  16.845  0  0  0  0  0  0  0  0  0  0  0  0  0  0  0  0  0  0
28876  d  2.32247  0.1949  0.194192  10.371  1.14071  0.952705  10.2634  1.78572  0.125304  -0.128493  1.77354  omega  3.14218  -0.15134  -0.117772  3.03723  0.383179  -0.0349579  0.138662  0.339431  omega  3.14218  -0.15134  -0.117772  3.03723  0  0  0  0  0  0  0  0  0
30136  d  1.91898  0.273772  0.272375  17.951  0.30374  -1.59085  17.8775  0.138378  0.0782286  -0.0394276  0.0176091  eta  1.20791  0.506155  -0.191467  0.930625  0.295387  0.1972  0.0120574  0.192499  eta  1.20791  0.506155  -0.191467  0.930625  0  0  0  0  0  0  0  0  0
30142  s  1.41702  0.0619459  0.131206  7.84531  0.726716  0.299547  7.80512  1.08525  0.203327  -0.117038  1.0543  D+  13.6888  -1.03335  -0.417181  13.5147  0  0  0  0  0  0  0  0  0  0  0  0  0  0  0  0  0  0
31261  s  1.44381  0.0607104  0.126095  6.82113  -0.618862  0.416189  6.77941  1.08711  -0.142265  0.244764  1.04427  D_s+  16.6986  0.522784  -0.770212  16.556  0  0  0  0  0  0  0  0  0  0  0  0  0  0  0  0  0  0
31347  s  0.690823  0.0104578  0.0597507  0.800528  -0.0393416  -0.0525244  0.790806  6.15529  -0.378578  0.422517  6.12818  D+  17.1369  0.0828044  0.50186  17.027  0  0  0  0  0  0  0  0  0  0  0  0  0  0  0  0  0  0
31435  s  1.69128  0.179462  0.319551  16.6251  -1.37295  -0.0340541  16.5679  0.285563  0.17785  -0.196224  0.0157345  Lambda_c+  5.26427  1.27048  0.479129  4.54324  0  0  0  0  0  0  0  0  0  0  0  0  0  0  0  0  0  0
31540  s  0.969088  0.0235818  0.0800441  3.89666  0.301738  -0.211779  3.87774  8.65168  -0.358016  1.09651  8.57379  Lambda_c+  19.6789  -0.458537  1.24365  19.5006  0  0  0  0  0  0  0  0  0  0  0  0  0  0  0  0  0  0
32432  s  1.01047  0.0379856  0.121605  10.5804  -0.508197  0.466356  10.5574  1.92165  0.0199966  -0.42833  1.87021  Lambda_c+  6.86869  0.166524  -0.767831  6.42913  0  0  0  0  0  0  0  0  0  0  0  0  0  0  0  0  0  0
33008  s  0.967413  0.0371032  0.126216  11.6772  -0.654423  0.0217582  11.6583  1.37803  -0.395065  0.334939  1.27262  D+  8.12778  0.134524  0.556562  7.88907  0  0  0  0  0  0  0  0  0  0  0  0  0  0  0  0  0  0
33291  s  1.2994  0.0390787  0.0910877  2.09453  0.308633  -0.184819  2.0607  2.03389  -0.00313663  0.195391  2.02172  Lambda_c+  16.7472  0.223973  0.0262484  16.5888  0  0  0  0  0  0  0  0  0  0  0  0  0  0  0  0  0  0
34205  s  1.83965  0.110361  0.183353  8.77715  -0.15269  1.07117  8.70956  1.78293  0.288009  0.165298  1.74854  Lambda_c+  12.3762  0.365861  0.07331  12.1575  0  0  0  0  0  0  0  0  0  0  0  0  0  0  0  0  0  0
34730  s  0.916455  0.0228535  0.0840398  1.17029  -0.196433  0.0669406  1.14688  2.01708  -0.0668953  0.344357  1.98353  D0  9.20665  0.266759  -0.439343  9.00114  0  0  0  0  0  0  0  0  0  0  0  0  0  0  0  0  0  0
35585  s  1.21953  0.0556341  0.139654  10.8731  0.359231  -0.7124  10.8432  3.55761  0.565127  0.574311  3.46356  D+  10.2608  -0.0590587  0.751834  10.0608  0  0  0  0  0  0  0  0  0  0  0  0  0  0  0  0  0  0
35814  s  1.37832  0.0565737  0.123446  7.22399  -0.618337  -0.393218  7.18595  5.22387  -0.34054  0.209828  5.20747  D+  15.0424  0.839271  -0.27135  14.8997  0  0  0  0  0  0  0  0  0  0  0  0  0  0  0  0  0  0
36317  d  2.57674  0.218973  0.218079  6.47556  1.78944  -0.0176338  6.22249  3.11374  0.191148  0.000320569  3.10607  eta  7.14347  0.0582033  -0.0307646  7.12212  1.31847  0.0668243  0.0105846  1.31249  eta  7.14347  0.0582033  -0.0307646  7.12212  0  0  0  0  0  0  0  0  0
37061  s  1.12069  0.0678181  0.189071  12.2799  0.442126  -0.537111  12.2598  3.1125  0.222885  0.410442  3.07544  Lambda_c+  9.30145  -0.228711  0.64207  8.99024  0  0  0  0  0  0  0  0  0  0  0  0  0  0  0  0  0  0
38054  s  1.56474  0.056264  0.107855  1.92933  -0.0714401  -0.412613  1.88038  2.23724  -0.3156  -0.20002  2.20329  D+  14.7146  0.184989  -0.346401  14.5901  0  0  0  0  0  0  0  0  0  0  0  0  0  0  0  0  0  0
38177  cbar  2.93583  0.29692  0.29528  9.95815  -0.658453  -2.09519  9.71237  0.239007  -0.163155  0.0871459  0.108381  D+  5.68886  -0.214067  0.675695  5.32591  0  0  0  0  0  0  0  0  0  0  0  0  0  0  0  0  0  0
38255  s  2.17167  0.125225  0.184535  5.04936  0.571095  0.777243  4.95526  1.77817  -0.0045521  0.0350941  1.77468  D+  16.9991  -0.831981  -1.59057  16.8004  0  0  0  0  0  0  0  0  0  0  0  0  0  0  0  0  0  0
38404  s  1.30681  0.0366443  0.0848653  0.284067  -0.0745053  -0.0394124  0.249852  0.749348  -0.0395614  0.169889  0.721063  Lambda_c+  21.8309  -0.059124  -0.173872  21.7101  0  0  0  0  0  0  0  0  0  0  0  0  0  0  0  0  0  0
39091  d  2.46477  0.444239  0.440576  17.8314  -1.44252  1.48789  17.7102  1.39892  -0.072382  0.085061  1.39045  omega  2.59876  -0.38197  0.0867328  2.44701  0.45632  0.0645744  0.0752088  0.43271  omega  2.59876  -0.38197  0.0867328  2.44701  0  0  0  0  0  0  0  0  0
40249  s  1.68502  0.0947933  0.169611  9.15737  -0.735122  -0.695974  9.10063  4.50269  -0.0263262  -0.402763  4.48332  D+  12.105  -0.118725  0.466084  11.95  0  0  0  0  0  0  0  0  0  0  0  0  0  0  0  0  0  0
40751  s  1.58333  0.0628845  0.119183  3.87463  0.592378  0.15438  3.8245  1.14816  0.0657385  0.252135  1.1132  tau+  15.404  -0.228292  0.362639  15.2952  0  0  0  0  0  0  0  0  0  0  0  0  0  0  0  0  0  0
41400  s  2.28997  0.221413  0.315107  12.4977  0.612756  -1.48899  12.3931  2.26129  0.602469  0.237815  2.16397  D+  6.61078  0.093971  0.0684553  6.33983  0  0  0  0  0  0  0  0  0  0  0  0  0  0  0  0  0  0
41531  s  1.97369  0.137792  0.216821  10.0538  0.591899  1.09364  9.97599  1.29047  0.111564  -0.0641059  1.27968  D+  9.60816  -0.907745  -0.0800183  9.38034  0  0  0  0  0  0  0  0  0  0  0  0  0  0  0  0  0  0
41573  s  1.00148  0.0238287  0.0772501  2.68904  0.0754771  0.302153  2.66885  1.39744  0.259143  -0.0161743  1.36904  D+  17.8218  -0.0326306  -0.320087  17.7205  0  0  0  0  0  0  0  0  0  0  0  0  0  0  0  0  0  0
41614  s  1.99786  0.139432  0.217463  9.84614  0.88688  -0.874055  9.76652  2.91415  0.0139508  -0.00705545  2.91219  D+  7.39012  1.09001  0.0120426  7.06613  0  0  0  0  0  0  0  0  0  0  0  0  0  0  0  0  0  0
41650  s  0.737303  0.0140878  0.0723772  4.55573  0.128924  0.26965  4.54469  4.74167  0.614828  0.560369  4.66693  Lambda_c+  17.753  0.788846  0.579489  17.5779  0  0  0  0  0  0  0  0  0  0  0  0  0  0  0  0  0  0
42637  s  1.79393  0.0813419  0.138002  4.03561  0.15058  0.69344  3.97133  2.04572  0.134299  -0.191341  2.02957  Lambda_c+  20.3547  0.143982  -1.36416  20.1793  0  0  0  0  0  0  0  0  0  0  0  0  0  0  0  0  0  0
42698  s  1.24228  0.0470455  0.115533  7.63801  0.669267  0.112344  7.60707  4.07943  -0.696086  -0.344863  4.00339  D+  15.8209  -0.733256  -0.285186  15.6903  0  0  0  0  0  0  0  0  0  0  0  0  0  0  0  0  0  0
43257  s  2.26007  0.123366  0.177299  3.05461  -0.773727  0.0480798  2.95272  0.621641  0.181555  0.106936  0.575218  Lambda_c+  20.2001  -0.0657956  0.263147  20.0684  0  0  0  0  0  0  0  0  0  0  0  0  0  0  0  0  0  0
43726  s  2.1404  0.109187  0.16248  2.75956  0.629798  0.297256  2.66815  5.63336  0.301994  -0.210692  5.62032  D0  14.5709  -0.510653  0.103504  14.4417  0  0  0  0  0  0  0  0  0  0  0  0  0  0  0  0  0  0
44049  s  1.69758  0.0770379  0.136989  5.18469  0.219939  0.730937  5.12711  5.47576  -0.0191463  -0.143375  5.47283  D+  12.7847  0.123092  -0.213953  12.6449  0  0  0  0  0  0  0  0  0  0  0  0  0  0  0  0  0  0
44512  s  1.01394  0.0335227  0.106821  8.77868  0.0500827  0.588243  8.75817  0.714102  -0.300944  0.00320417  0.638906  D+  8.32012  0.400873  -0.0492462  8.09727  0  0  0  0  0  0  0  0  0  0  0  0  0  0  0  0  0  0
44950  s  1.41052  0.046032  0.0980047  2.08634  0.391148  0.0207937  2.04651  3.05163  -0.558005  0.478116  2.95995  tau+  16.0323  -0.621952  0.668083  15.9073  0  0  0  0  0  0  0  0  0  0  0  0  0  0  0  0  0  0
45045  s  2.69518  0.159509  0.208294  0.850997  -0.0350372  -0.461639  0.706183  3.12107  -0.409362  -0.0663742  3.09159  D+  18.4264  -0.159704  -0.0575975  18.3305  0  0  0  0  0  0  0  0  0  0  0  0  0  0  0  0  0  0
45475  s  1.13538  0.0342657  0.0940131  5.07123  -0.113037  -0.487745  5.04534  1.01441  -0.146473  0.317328  0.946422  D0  11.9795  -0.148292  -0.218775  11.8305  0  0  0  0  0  0  0  0  0  0  0  0  0  0  0  0  0  0
45885  s  1.18583  0.0465699  0.120979  9.02804  0.288505  -0.643598  8.99983  1.98936  -0.288569  -0.285265  1.94467  D+  13.283  0.338925  0.570376  13.134  0  0  0  0  0  0  0  0  0  0  0  0  0  0  0  0  0  0
46647  s  0.957465  0.0337436  0.116488  10.6413  -0.56984  0.238476  10.6228  0.694201  -0.204659  -0.0436147  0.653425  D+  10.7887  -0.0807676  -1.12539  10.5654  0  0  0  0  0  0  0  0  0  0  0  0  0  0  0  0  0  0
46669  s  1.11036  0.0284148  0.0802274  1.99674  0.288494  -0.0623469  1.97198  2.56466  -0.0886453  -0.314431  2.54157  D+  12.3072  -0.312649  0.61817  12.1446  0  0  0  0  0  0  0  0  0  0  0  0  0  0  0  0  0  0
46736  s  0.984064  0.0536801  0.178223  15.5055  0.64746  -0.417026  15.486  1.2241  -0.125711  0.261058  1.18461  D+  5.99766  -0.257672  -0.389819  5.67962  0  0  0  0  0  0  0  0  0  0  0  0  0  0  0  0  0  0
46941  s  0.647041  0.0208406  0.13279  14.4136  -0.484859  -0.0178015  14.4051  2.86494  0.387302  0.806228  2.71969  D+  7.65913  -0.168766  0.455334  7.41155  0  0  0  0  0  0  0  0  0  0  0  0  0  0  0  0  0  0
48430  s  0.524902  0.00797001  0.0730443  6.69677  0.158221  -0.200502  6.69107  1.65783  0.0568376  0.481512  1.58182  D0  12.8582  -0.048712  0.742307  12.7005  0  0  0  0  0  0  0  0  0  0  0  0  0  0  0  0  0  0
48843  s  0.520011  0.00608574  0.0567163  1.44044  0.024437  0.0659869  1.43483  0.591745  -0.104687  -0.102686  0.563467  Lambda_c+  21.564  -0.150467  0.429918  21.4376  0  0  0  0  0  0  0  0  0  0  0  0  0  0  0  0  0  0
50001  s  0.797312  0.0178512  0.0810057  3.33334  -0.0253139  -0.331622  3.31503  0.830234  -0.413135  -0.195902  0.684884  D+  6.02776  0.221456  -0.0711022  5.72576  0  0  0  0  0  0  0  0  0  0  0  0  0  0  0  0  0  0
51431  s  1.35354  0.0481824  0.107259  4.85636  0.470438  -0.350055  4.81967  5.03627  -0.606623  0.564752  4.96648  D+  14.43  -1.28654  -0.470838  14.2426  0  0  0  0  0  0  0  0  0  0  0  0  0  0  0  0  0  0
52250  s  0.938384  0.0338671  0.120326  11.2633  0.603641  -0.154882  11.2455  0.584169  -0.26814  0.00816817  0.508059  D+  7.49878  -0.232619  -0.0423788  7.25812  0  0  0  0  0  0  0  0  0  0  0  0  0  0  0  0  0  0
52386  s  1.02879  0.0699312  0.218306  17.0535  0.443389  0.719676  17.0323  2.10552  -0.0849067  -0.281622  2.0822  Lambda_c+  7.96587  -0.971347  -0.713415  7.5349  0  0  0  0  0  0  0  0  0  0  0  0  0  0  0  0  0  0
53017  s  0.540266  0.0200426  0.174473  17.3582  0.431844  -0.108311  17.3521  1.94269  0.705085  0.0330397  1.80684  D+  4.63473  0.279771  0.24766  4.22441  0  0  0  0  0  0  0  0  0  0  0  0  0  0  0  0  0  0
53123  s  1.67758  0.149049  0.267465  15.0569  1.28798  -0.142993  15.0007  0.702588  -0.286936  -0.156713  0.612842  D+  4.70688  -0.709174  -0.183951  4.25705  0  0  0  0  0  0  0  0  0  0  0  0  0  0  0  0  0  0
53166  s  1.32963  0.0594027  0.134854  9.25921  0.0118696  -0.802019  9.2238  1.45695  -0.484128  0.154559  1.36135  D0  6.76111  -0.976861  -0.0832929  6.42446  0  0  0  0  0  0  0  0  0  0  0  0  0  0  0  0  0  0
53359  s  2.38722  0.135989  0.189199  2.78725  0.43318  0.64951  2.67359  4.53109  -0.509329  0.360075  4.48671  D+  17.5303  -1.22615  0.0644256  17.387  0  0  0  0  0  0  0  0  0  0  0  0  0  0  0  0  0  0
53454  s  0.616464  0.00846686  0.0585864  1.20036  -0.0819824  -0.0273516  1.19257  0.267393  -0.0872642  0.0605824  0.221471  D+  17.4269  -0.580457  0.383364  17.3124  0  0  0  0  0  0  0  0  0  0  0  0  0  0  0  0  0  0
53520  s  0.76921  0.0218578  0.104933  10.6936  -0.469092  -0.159022  10.6816  1.04306  -0.0806572  0.138102  1.0253  Lambda_c+  12.8019  -0.0756831  -0.665729  12.5783  0  0  0  0  0  0  0  0  0  0  0  0  0  0  0  0  0  0
54224  s  1.99615  0.102785  0.160515  4.46029  -0.743001  0.374141  4.38075  9.34038  0.182256  0.372775  9.33056  D+  15.4888  0.537311  -0.371332  15.3617  0  0  0  0  0  0  0  0  0  0  0  0  0  0  0  0  0  0
54327  s  1.84483  0.0746839  0.123884  0.833729  0.230982  -0.209907  0.76585  1.20224  -0.303493  -0.161663  1.14716  D0  8.82347  0.138494  0.16492  8.62146  0  0  0  0  0  0  0  0  0  0  0  0  0  0  0  0  0  0
54573  s  2.42455  0.166002  0.22883  6.24818  1.16703  0.27951  6.13095  3.87079  0.00208381  -0.0961493  3.86815  D0  15.8685  -0.658254  -1.2869  15.6921  0  0  0  0  0  0  0  0  0  0  0  0  0  0  0  0  0  0
55109  s  1.31623  0.0537114  0.123344  7.93039  -0.47571  -0.558407  7.89569  4.35995  0.32689  -0.192434  4.34213  D+  10.8819  1.0874  -0.178691  10.6633  0  0  0  0  0  0  0  0  0  0  0  0  0  0  0  0  0  0
55184  s  1.83916  0.0726996  0.120893  0.324653  0.15944  -0.0520942  0.2571  0.491893  0.109563  0.0898312  0.459043  D+  17.9901  -0.976279  -0.98881  17.8386  0  0  0  0  0  0  0  0  0  0  0  0  0  0  0  0  0  0
55607  d  3.13719  0.283792  0.282295  6.63796  -1.59749  0.0468262  6.44183  1.54197  0.100302  0.0848312  1.53273  Lambda0  7.7723  0.337782  -0.0379732  7.68429  0  0  0  0  0  0  0  0  0  0  0  0  0  0  0  0  0  0
55752  s  0.842366  0.0168131  0.0701033  2.62861  0.203984  0.149814  2.61427  0.795113  -0.191911  0.148676  0.749738  D0  14.8757  -0.964638  -0.00586556  14.7268  0  0  0  0  0  0  0  0  0  0  0  0  0  0  0  0  0  0
56815  s  1.70568  0.0697202  0.123478  2.88182  0.396928  -0.403691  2.82368  2.68112  0.0360478  -0.182935  2.67255  D0  12.2938  -1.57672  -0.309716  12.0448  0  0  0  0  0  0  0  0  0  0  0  0  0  0  0  0  0  0
56878  s  0.328288  0.00254383  0.0556489  2.54198  0.018088  -0.0232248  2.53961  4.34478  -0.594526  -0.033928  4.30248  D+  11.496  -0.392875  0.532776  11.3236  0  0  0  0  0  0  0  0  0  0  0  0  0  0  0  0  0  0
57554  s  0.395331  0.00360474  0.0554968  2.01477  0.0415467  0.0230183  2.01144  2.77121  0.051122  0.0600611  2.76807  D+  19.3009  -0.416376  0.164364  19.2049  0  0  0  0  0  0  0  0  0  0  0  0  0  0  0  0  0  0
57949  s  0.999629  0.0287659  0.0934863  6.60738  -0.343113  -0.369447  6.58726  2.48547  -0.751091  -0.106014  2.36453  D_s+  9.61465  0.285859  0.452592  9.39575  0  0  0  0  0  0  0  0  0  0  0  0  0  0  0  0  0  0
58108  s  0.697142  0.0253581  0.142686  14.9056  -0.20856  -0.490166  14.8957  0.304003  0.262167  0.011086  0.111353  D+  6.93563  0.392128  1.07559  6.58003  0  0  0  0  0  0  0  0  0  0  0  0  0  0  0  0  0  0
58275  d  3.45699  0.311677  0.309872  4.68584  -0.539469  -1.36842  4.44774  0.341062  0.0770349  0.0404047  0.312398  Lambda0  4.78192  0.185797  0.0124129  4.64622  0  0  0  0  0  0  0  0  0  0  0  0  0  0  0  0  0  0
59736  s  1.2753  0.0408229  0.0972245  0.689967  0.0969553  0.194967  0.646125  5.91532  -0.293955  -0.691971  5.8664  D+  18.4064  -0.496828  -0.992998  18.2775  0  0  0  0  0  0  0  0  0  0  0  0  0  0  0  0  0  0
60092  s  0.664236  0.0130648  0.0796707  7.12263  -0.223237  -0.259218  7.11363  3.93979  -0.592688  -0.323833  3.88003  D0  11.1764  -0.358498  -0.155615  11.0128  0  0  0  0  0  0  0  0  0  0  0  0  0  0  0  0  0  0
60110  s  1.5187  0.0650568  0.128365  2.47747  -0.431258  -0.26129  2.42331  6.7165  -0.0726681  0.831096  6.66365  D0  16.9205  0.514603  1.27244  16.7614  0  0  0  0  0  0  0  0  0  0  0  0  0  0  0  0  0  0
60264  s  0.578598  0.0161196  0.124419  14.0516  -0.42694  0.00548177  14.0447  2.21011  -0.598607  0.340726  2.09738  D+  9.0865  -0.00711273  0.432593  8.88154  0  0  0  0  0  0  0  0  0  0  0  0  0  0  0  0  0  0
60665  s  1.45402  0.0454218  0.0936821  0.832837  -0.359686  -0.0192886  0.743443  0.880909  0.114967  -0.153872  0.853196  D0  10.3801  -0.416412  -1.09975  10.1433  0  0  0  0  0  0  0  0  0  0  0  0  0  0  0  0  0  0
60992  s  1.75759  0.085766  0.147997  5.92513  0.586349  0.61035  5.86342  3.61448  -0.0222155  0.147377  3.60986  D0  16.0614  -0.189128  -0.826333  15.9302  0  0  0  0  0  0  0  0  0  0  0  0  0  0  0  0  0  0
62069  s  1.12357  0.0443656  0.123335  9.9554  0.633915  0.301839  9.93005  2.91858  -0.273314  0.0516399  2.90337  Lambda_c+  14.2919  -1.21918  -0.397341  14.0494  0  0  0  0  0  0  0  0  0  0  0  0  0  0  0  0  0  0
62078  s  0.751021  0.0254339  0.126831  13.3012  -0.272111  -0.468235  13.2897  1.83047  0.11293  -0.028977  1.82369  D+  8.16872  0.646691  -0.239472  7.92193  0  0  0  0  0  0  0  0  0  0  0  0  0  0  0  0  0  0
63088  s  0.552095  0.00864851  0.072477  6.33752  0.254032  0.0631238  6.33123  1.1434  -0.0369663  -0.243396  1.11157  Lambda_c+  16.5838  -0.334499  -0.441981  16.4161  0  0  0  0  0  0  0  0  0  0  0  0  0  0  0  0  0  0
63314  s  1.35165  0.0824254  0.183652  13.3072  -0.461358  0.86512  13.2706  6.88917  0.576025  -0.839305  6.81273  D+  9.99229  1.11137  -0.514255  9.73914  0  0  0  0  0  0  0  0  0  0  0  0  0  0  0  0  0  0
63994  s  2.16508  0.100588  0.148589  0.285021  0.181102  0.0246213  0.191491  2.94808  -0.115443  -0.56322  2.88954  D+  12.1028  -0.668268  -0.41401  11.9316  0  0  0  0  0  0  0  0  0  0  0  0  0  0  0  0  0  0
64087  s  1.51411  0.119675  0.236599  11.4868  -0.859778  0.762784  11.4287  1.48379  -0.10182  -0.161615  1.46765  D+  6.98984  0.976773  -0.383581  6.65291  0  0  0  0  0  0  0  0  0  0  0  0  0  0  0  0  0  0
64496  s  0.797841  0.0148168  0.0671706  2.22501  -0.213763  0.0186826  2.21212  6.18023  0.31888  0.421851  6.15666  D+  17.0123  0.270167  -0.0186391  16.907  0  0  0  0  0  0  0  0  0  0  0  0  0  0  0  0  0  0
66262  s  0.967928  0.0569213  0.193414  16.3478  -0.776207  -0.0546663  16.3289  0.492668  -0.255099  0.296807  0.279979  Lambda_c+  7.1375  -0.0678914  0.686971  6.72603  0  0  0  0  0  0  0  0  0  0  0  0  0  0  0  0  0  0
66706  s  1.62649  0.0600782  0.11105  1.05079  -0.188496  -0.383168  0.95428  1.4172  -0.225615  0.057798  1.39393  D+  14.9983  0.348848  -0.452483  14.8703  0  0  0  0  0  0  0  0  0  0  0  0  0  0  0  0  0  0
67949  s  0.525653  0.0103876  0.0949544  10.9438  0.330476  0.0695423  10.9381  0.190813  0.0553339  0.0725697  0.130066  D0  11.4058  -0.367125  -0.66345  11.2268  0  0  0  0  0  0  0  0  0  0  0  0  0  0  0  0  0  0
68069  s  1.27997  0.0375066  0.0889541  1.84169  0.308665  0.115852  1.80886  7.4501  -0.498696  0.416528  7.42096  D+  17.7457  -0.281063  0.103431  17.6444  0  0  0  0  0  0  0  0  0  0  0  0  0  0  0  0  0  0
68382  s  1.17193  0.0309332  0.0815624  1.45881  -0.25834  -0.0418041  1.43125  1.55368  0.140199  0.195059  1.53136  D+  15.1237  1.07923  0.592911  14.9571  0  0  0  0  0  0  0  0  0  0  0  0  0  0  0  0  0  0
69680  s  0.997735  0.0305795  0.0996387  7.77121  0.187233  -0.514597  7.75118  1.75733  0.421292  0.200707  1.69094  D0  10.5183  -0.647939  0.555336  10.3165  0  0  0  0  0  0  0  0  0  0  0  0  0  0  0  0  0  0
70012  s  1.30934  0.0625723  0.144525  10.5185  0.475964  -0.695463  10.4842  5.78  -0.17189  0.0844491  5.77586  D0  10.8244  -1.15316  0.732682  10.5747  0  0  0  0  0  0  0  0  0  0  0  0  0  0  0  0  0  0
70243  s  1.59815  0.0545537  0.102507  0.169823  0.0364663  0.0473495  0.118761  3.29591  -0.0481858  -0.343847  3.27587  D0  15.2967  0.397792  -0.311443  15.1742  0  0  0  0  0  0  0  0  0  0  0  0  0  0  0  0  0  0
71501  s  0.709965  0.0175184  0.095686  9.78614  -0.0631711  0.430655  9.77589  2.84823  -0.0778041  -0.415244  2.81475  D0  10.7018  -0.51048  -0.974084  10.4805  0  0  0  0  0  0  0  0  0  0  0  0  0  0  0  0  0  0
71790  s  1.5119  0.144585  0.286128  16.694  -0.52252  1.11369  16.6483  3.72648  -0.274325  -0.659706  3.65582  Lambda_c+  7.82444  0.267103  -1.47668  7.33089  0  0  0  0  0  0  0  0  0  0  0  0  0  0  0  0  0  0
75076  s  0.604766  0.0122115  0.0873147  9.15836  -0.00652197  0.355187  9.15086  3.0323  0.232692  -0.370681  2.99869  D+  14.7343  -0.151931  -0.133893  14.6138  0  0  0  0  0  0  0  0  0  0  0  0  0  0  0  0  0  0
75478  s  2.87822  0.180479  0.228726  0.658573  -0.0363917  0.421586  0.493452  3.89809  0.116644  0.274129  3.88525  D0  20.506  -0.674165  -0.212031  20.4088  0  0  0  0  0  0  0  0  0  0  0  0  0  0  0  0  0  0
75760  s  0.798006  0.0218084  0.0988214  9.55818  0.47641  0.0909392  9.54528  4.57746  -0.549389  -0.164924  4.54015  D+  12.2556  -0.308571  -0.963441  12.0698  0  0  0  0  0  0  0  0  0  0  0  0  0  0  0  0  0  0
75813  s  0.888814  0.0171593  0.06601  0.585203  -0.0819298  0.0231063  0.569255  0.623103  0.230611  0.0346108  0.56808  D+  14.6823  -0.0309967  -0.47156  14.5551  0  0  0  0  0  0  0  0  0  0  0  0  0  0  0  0  0  0
76315  d  1.49495  0.1334  0.133067  12.6133  0.878749  0.272697  12.5792  0.167362  0.0253704  0.0834659  0.096103  eta'  1.40315  -0.197374  -0.176796  0.991653  0.329338  0.26319  -0.0481672  0.160344  eta'  1.40315  -0.197374  -0.176796  0.991653  0  0  0  0  0  0  0  0  0
76655  s  1.39157  0.0453871  0.0980394  2.38266  0.380011  -0.166336  2.34389  2.05629  0.230798  0.478695  1.98362  D+  18.4682  0.756262  1.10213  18.3246  0  0  0  0  0  0  0  0  0  0  0  0  0  0  0  0  0  0
76940  s  0.97911  0.0585064  0.195607  12.1987  0.410171  -0.613447  12.1759  1.20273  -0.316108  0.319121  1.11069  D+  7.77381  -0.535251  1.49571  7.37652  0  0  0  0  0  0  0  0  0  0  0  0  0  0  0  0  0  0
77484  s  1.27351  0.035133  0.0838188  0.519278  0.0990881  0.108255  0.486773  2.58632  -0.455316  -0.387927  2.51397  D+  19.5851  -0.310952  -0.691457  19.4809  0  0  0  0  0  0  0  0  0  0  0  0  0  0  0  0  0  0
77507  s  0.92736  0.0349849  0.126432  12.0193  0.557744  -0.30709  12.0019  0.860896  -0.330328  -0.0702951  0.784806  D0  8.90084  -0.275118  0.316737  8.69317  0  0  0  0  0  0  0  0  0  0  0  0  0  0  0  0  0  0
78012  s  0.805158  0.0170627  0.0762578  4.87206  0.0298504  -0.340115  4.85893  3.68107  -0.213859  0.272124  3.66324  D0  13.3051  -0.355686  -0.152482  13.1681  0  0  0  0  0  0  0  0  0  0  0  0  0  0  0  0  0  0
78322  s  0.879473  0.0201347  0.0786758  4.64781  0.135376  -0.339777  4.63219  1.64905  -0.322573  0.132323  1.6083  D+  14.3722  -0.0999566  1.25755  14.1941  0  0  0  0  0  0  0  0  0  0  0  0  0  0  0  0  0  0
78332  s  0.801809  0.0141157  0.0635007  2.75228  -0.331786  -0.176063  2.72448  1.54111  -0.522282  -0.0413605  1.44547  D0  9.80676  -0.499173  -0.693502  9.58982  0  0  0  0  0  0  0  0  0  0  0  0  0  0  0  0  0  0
78571  s  1.14979  0.0322858  0.0871813  3.29821  -0.397503  0.0719418  3.27168  3.64603  -0.149198  -0.0920641  3.64028  Lambda_c+  20.5033  0.204948  0.00369525  20.3744  0  0  0  0  0  0  0  0  0  0  0  0  0  0  0  0  0  0
78670  s  1.15208  0.0322441  0.0868514  3.18306  -0.227677  0.325418  3.15641  1.96807  0.23643  0.14397  1.94564  D+  12.5437  0.306305  0.0187915  12.3998  0  0  0  0  0  0  0  0  0  0  0  0  0  0  0  0  0  0
79562  s  0.987889  0.0218988  0.0723567  1.37033  0.178238  -0.10262  1.35068  5.19101  -0.30803  0.268482  5.17383  Lambda_c+  19.6567  0.082298  -0.627551  19.513  0  0  0  0  0  0  0  0  0  0  0  0  0  0  0  0  0  0
79787  s  0.45342  0.00460383  0.0549836  1.32175  0.0148046  -0.0019416  1.31744  14.1367  0.138214  -0.0344715  14.1356  Lambda_c+  23.5825  -0.138276  -0.405591  23.4675  0  0  0  0  0  0  0  0  0  0  0  0  0  0  0  0  0  0
79839  s  1.18892  0.0377584  0.0977915  5.16716  -0.378939  -0.370657  5.13882  3.18336  -0.383551  0.222576  3.15055  D+  16.6886  -0.376387  -0.0875954  16.579  0  0  0  0  0  0  0  0  0  0  0  0  0  0  0  0  0  0
80131  s  0.651739  0.00990991  0.0623915  2.2777  0.112257  -0.12525  2.26902  0.131407  -0.00025178  0.0378081  0.0683692  Lambda_c+  17.455  -1.06748  0.853004  17.2506  0  0  0  0  0  0  0  0  0  0  0  0  0  0  0  0  0  0
80375  s  1.33678  0.117839  0.265622  17.0377  -0.257982  -1.06801  17.0019  2.9207  0.116871  0.289782  2.90202  Lambda_c+  8.06675  0.653444  0.943187  7.65036  0  0  0  0  0  0  0  0  0  0  0  0  0  0  0  0  0  0
80642  s  1.02421  0.0237468  0.0746479  1.19178  0.151731  0.233232  1.15402  0.958615  0.315917  0.259488  0.860605  D0  6.10052  -0.496078  0.285514  5.78023  0  0  0  0  0  0  0  0  0  0  0  0  0  0  0  0  0  0
80666  s  0.867909  0.0172505  0.0687551  1.84931  -0.103184  -0.185031  1.8341  4.44745  0.735568  0.372342  4.36909  D0  11.384  0.119553  0.217828  11.2274  0  0  0  0  0  0  0  0  0  0  0  0  0  0  0  0  0  0
80722  s  0.927842  0.0187488  0.067726  0.649873  0.0997183  -0.0339503  0.632515  0.976851  -0.271317  -0.0187448  0.93226  D0  17.175  -0.51225  -0.0882277  17.0655  0  0  0  0  0  0  0  0  0  0  0  0  0  0  0  0  0  0
80920  s  0.504692  0.0068525  0.0673747  5.3107  0.170609  -0.126148  5.30541  1.35916  -0.212195  -0.15488  1.32934  D0  12.7104  -0.115705  0.333654  12.5679  0  0  0  0  0  0  0  0  0  0  0  0  0  0  0  0  0  0
81553  s  1.14103  0.0316457  0.086284  2.29197  -0.281169  0.328996  2.24825  7.56451  0.348949  0.672744  7.52571  D_s+  8.13237  0.198672  0.258429  7.8838  0  0  0  0  0  0  0  0  0  0  0  0  0  0  0  0  0  0
81697  s  0.621969  0.0108652  0.0740449  5.27401  -0.303402  0.119018  5.26287  6.53121  0.549755  -0.440701  6.49224  D_s+  14.8181  -0.52726  -0.847598  14.6528  0  0  0  0  0  0  0  0  0  0  0  0  0  0  0  0  0  0
82873  s  0.748807  0.0122492  0.061388  0.725466  0.0722231  0.00259842  0.714083  3.34727  -0.119821  0.0496679  3.34309  D0  19.3213  0.150718  0.226406  19.2292  0  0  0  0  0  0  0  0  0  0  0  0  0  0  0  0  0  0
83515  s  2.69463  0.243348  0.317311  5.84707  -1.19777  -0.915929  5.64832  0.86397  0.143437  -0.147858  0.832373  Lambda_c+  11.0302  0.895938  1.15651  10.691  0  0  0  0  0  0  0  0  0  0  0  0  0  0  0  0  0  0
83875  s  2.71312  0.171403  0.223079  2.23323  0.537188  -0.578059  2.08649  6.53254  -0.954862  0.143101  6.45993  D0  19.2152  -1.22229  1.4706  19.0287  0  0  0  0  0  0  0  0  0  0  0  0  0  0  0  0  0  0
84129  s  1.80978  0.0991033  0.166874  7.50705  -0.314019  0.931742  7.44163  0.694722  0.00505529  -0.21015  0.653671  Lambda_c+  13.2541  1.20954  -0.488125  12.9901  0  0  0  0  0  0  0  0  0  0  0  0  0  0  0  0  0  0
84654  s  0.916908  0.0195068  0.0716858  2.1517  -0.0556324  -0.241715  2.13474  1.74822  0.0819441  -0.0276381  1.74288  D+  15.8881  -0.24137  0.218607  15.7743  0  0  0  0  0  0  0  0  0  0  0  0  0  0  0  0  0  0
84889  s  0.869626  0.0223859  0.0889509  7.1164  0.412335  0.189729  7.10112  1.1422  -0.192784  0.209519  1.10108  D0  11.1401  -1.25949  0.521336  10.898  0  0  0  0  0  0  0  0  0  0  0  0  0  0  0  0  0  0
85575  s  1.7135  0.0657212  0.115942  1.31181  0.0854435  0.363335  1.25315  5.03065  -0.775  -0.3824  4.95474  D+  17.4412  -1.05948  -0.328668  17.3052  0  0  0  0  0  0  0  0  0  0  0  0  0  0  0  0  0  0
85933  d  5.02771  0.596848  0.590265  2.54957  1.49886  0.235975  2.04618  6.24572  -0.262557  0.291957  6.23247  omega  6.69985  -0.325667  0.143493  6.64362  0.454131  -0.0631098  -0.148465  0.411152  omega  6.69985  -0.325667  0.143493  6.64362  0  0  0  0  0  0  0  0  0
86506  s  0.509133  0.00602532  0.0583183  2.19313  0.102092  -0.0446235  2.18775  2.57792  -0.236937  -0.506537  2.51432  D0  17.5889  -0.979604  -0.288127  17.4599  0  0  0  0  0  0  0  0  0  0  0  0  0  0  0  0  0  0
87288  s  1.95672  0.108495  0.171904  6.31332  0.822164  0.521681  6.23688  3.44936  -0.269384  -0.164911  3.43324  Xi_c+  14.2566  0.802237  0.258708  14.016  0  0  0  0  0  0  0  0  0  0  0  0  0  0  0  0  0  0
87602  s  1.16857  0.0307351  0.0813297  1.44249  0.175512  -0.190632  1.41508  5.36436  -0.122789  -0.0507162  5.36168  D+  18.6317  -1.01616  -0.826059  18.4913  0  0  0  0  0  0  0  0  0  0  0  0  0  0  0  0  0  0
88172  s  2.3192  0.162729  0.230101  7.50512  -0.237415  -1.23748  7.39783  8.55654  0.693542  1.15611  8.44901  D0  13.3735  0.658595  0.995184  13.189  0  0  0  0  0  0  0  0  0  0  0  0  0  0  0  0  0  0
88720  s  0.858653  0.0179553  0.0727257  3.23711  0.269989  0.110334  3.22221  0.71487  0.242398  0.131255  0.651069  D+  10.1829  -0.966155  0.525403  9.94917  0  0  0  0  0  0  0  0  0  0  0  0  0  0  0  0  0  0
89719  s  0.464382  0.00598993  0.0684782  5.93354  -0.2035  -0.0313203  5.92903  6.59109  -0.637948  -0.598085  6.53197  Lambda_c+  16.4935  -0.150683  -0.562416  16.3239  0  0  0  0  0  0  0  0  0  0  0  0  0  0  0  0  0  0
89888  s  0.697164  0.0212342  0.119485  12.9212  0.474262  0.139912  12.9113  0.646533  0.243027  -0.00353713  0.589717  Lambda_c+  11.5164  -0.309954  -0.853865  11.2506  0  0  0  0  0  0  0  0  0  0  0  0  0  0  0  0  0  0
90519  s  1.76323  0.0702105  0.120864  1.52188  0.393726  -0.137834  1.45977  2.31886  -0.136027  -0.362243  2.28391  D0  15.3955  0.090482  0.0389309  15.2819  0  0  0  0  0  0  0  0  0  0  0  0  0  0  0  0  0  0
90689  s  1.34015  0.086688  0.194972  14.0784  -0.607203  -0.794799  14.0424  0.128809  -0.0310087  -0.0518889  -0.0421163  D_s+  6.86301  -0.265271  0.467585  6.55263  0  0  0  0  0  0  0  0  0  0  0  0  0  0  0  0  0  0
91107  s  0.605132  0.0114199  0.0815709  8.03131  -0.00968418  0.330661  8.02379  3.697  -0.194297  0.116219  3.68855  D0  14.1723  0.937913  -0.13011  14.0172  0  0  0  0  0  0  0  0  0  0  0  0  0  0  0  0  0  0
91475  s  1.09348  0.0422503  0.121658  7.24163  -0.00684886  0.666415  7.21013  6.01415  -0.219736  -0.144837  6.00746  D+  10.946  -0.930708  -0.0485228  10.7448  0  0  0  0  0  0  0  0  0  0  0  0  0  0  0  0  0  0
91542  s  1.15095  0.0391828  0.105657  10.1298  0.845388  -0.0375883  10.0938  1.92759  0.543512  -0.0775152  1.84473  D+  5.90844  0.55925  -0.921757  5.50016  0  0  0  0  0  0  0  0  0  0  0  0  0  0  0  0  0  0
91770  s  1.89222  0.0826773  0.134424  2.04085  -0.325227  0.412028  1.96936  10.629  0.613837  -0.46062  10.6007  D+  19.4665  -0.0297438  -0.809992  19.3596  0  0  0  0  0  0  0  0  0  0  0  0  0  0  0  0  0  0
92093  s  1.06568  0.0388183  0.11564  9.52831  -0.0322425  -0.649852  9.50548  8.33312  0.197669  -0.0297948  8.33005  D+  13.4379  0.129654  -0.0511687  13.3065  0  0  0  0  0  0  0  0  0  0  0  0  0  0  0  0  0  0
92286  s  0.957962  0.0249422  0.0860551  5.51226  -0.116563  0.422778  5.49377  4.96853  -0.689093  -0.565831  4.88672  D+  17.2281  -0.238804  -0.903292  17.1008  0  0  0  0  0  0  0  0  0  0  0  0  0  0  0  0  0  0
92377  s  1.34557  0.0422504  0.0946805  2.28282  0.370804  -0.124836  2.24656  0.64505  -0.266254  0.000637113  0.577956  D0  13.89  0.0222577  -0.700296  13.7464  0  0  0  0  0  0  0  0  0  0  0  0  0  0  0  0  0  0
93326  s  2.74987  0.194452  0.251397  4.39588  -1.13623  -0.0196821  4.24514  9.31612  1.03892  -0.0743391  9.25711  D0  17.3639  1.88196  0.620267  17.1493  0  0  0  0  0  0  0  0  0  0  0  0  0  0  0  0  0  0
93358  s  1.5414  0.053917  0.104871  1.63627  -0.357903  -0.118241  1.58875  6.15964  0.394357  0.246344  6.14115  D0  20.6627  0.378838  0.26806  20.5732  0  0  0  0  0  0  0  0  0  0  0  0  0  0  0  0  0  0
93384  s  0.674648  0.0102751  0.0610572  1.51351  -0.037246  -0.124338  1.50423  6.00457  -0.00386931  0.738619  5.95803  D+  14.3506  0.0985699  0.66172  14.2126  0  0  0  0  0  0  0  0  0  0  0  0  0  0  0  0  0  0
93880  s  1.11036  0.0555303  0.156708  13.2875  -0.793918  0.126503  13.2627  1.82423  0.387207  0.0824407  1.77762  D0  7.96682  1.28253  0.491883  7.62271  0  0  0  0  0  0  0  0  0  0  0  0  0  0  0  0  0  0
94109  s  1.39087  0.0591026  0.127702  7.67649  0.435607  -0.626253  7.63776  4.48951  0.199591  1.029  4.36416  D_s+  11.8133  0.721925  1.56817  11.5195  0  0  0  0  0  0  0  0  0  0  0  0  0  0  0  0  0  0
94865  s  0.622128  0.010102  0.0688146  4.7018  0.119193  -0.221593  4.69387  5.79187  -0.174382  0.111552  5.7872  Lambda_c+  18.0669  -0.274061  -0.851683  17.8993  0  0  0  0  0  0  0  0  0  0  0  0  0  0  0  0  0  0
96609  d  2.08357  0.202348  0.201584  13.6859  -1.09586  1.07323  13.5992  0.555655  -0.00602901  -0.080679  0.539484  eta  6.16844  0.485802  -0.958247  6.0494  4.61315  0.372352  -0.596878  4.55797  eta  6.16844  0.485802  -0.958247  6.0494  0  0  0  0  0  0  0  0  0
97198  s  1.65828  0.0675591  0.122682  3.42824  0.235015  0.554449  3.37328  3.46304  -0.219088  -0.615311  3.39925  D0  12.1378  0.412174  -0.687152  11.9669  0  0  0  0  0  0  0  0  0  0  0  0  0  0  0  0  0  0
98083  s  1.43746  0.0469726  0.0980349  1.67723  -0.201991  -0.291617  1.63587  7.17132  -0.179781  1.23501  7.0611  D0  18.9526  -0.11974  1.66369  18.7868  0  0  0  0  0  0  0  0  0  0  0  0  0  0  0  0  0  0
98873  s  0.786841  0.0139829  0.0647823  1.52397  -0.164067  5.89775e-05  1.51143  4.87097  0.182813  0.543968  4.8359  D+  18.4915  1.6798  -0.0355439  18.3199  0  0  0  0  0  0  0  0  0  0  0  0  0  0  0  0  0  0
