648  s  0.590418  0.0173393  0.12917  1.87584  -0.180884  0.097558  1.86155  4.13105  0.0115619  0.762852  4.05861  D+  7.86301  0.683847  0.277404  7.60177  0  0  0  0  0  0  0  0  0  0  0  0  0  0  0  0  0  0
2069  s  1.21223  0.0788307  0.198942  2.65549  0.461319  -0.291345  2.59668  0.69651  0.0425988  -0.213714  0.653049  D+  6.0652  0.417798  -0.129649  5.75325  0  0  0  0  0  0  0  0  0  0  0  0  0  0  0  0  0  0
2717  s  0.848333  0.03113  0.128305  0.269732  -0.0453142  -0.0399822  0.240706  1.83002  -0.167253  -0.428005  1.76823  D+  9.37979  0.698746  0.00358099  9.16497  0  0  0  0  0  0  0  0  0  0  0  0  0  0  0  0  0  0
2852  s  0.494462  0.0118894  0.121248  1.63087  -0.0727979  0.128656  1.62072  0.341908  -0.0435518  -0.000905977  0.322241  Lambda_c+  9.94103  0.716669  0.620631  9.62795  0  0  0  0  0  0  0  0  0  0  0  0  0  0  0  0  0  0
8084  s  1.26901  0.0986546  0.23562  3.88294  -0.6216  -0.304027  3.81933  0.184276  0.0626579  -0.0591348  0.123979  D+  6.11013  0.302583  -0.0662907  5.80881  0  0  0  0  0  0  0  0  0  0  0  0  0  0  0  0  0  0
8764  s  0.661826  0.0213107  0.130674  1.63633  0.0429692  -0.212261  1.61849  2.45234  -0.0565476  0.0315623  2.44921  D+  6.443  -0.593894  0.1944  6.13403  0  0  0  0  0  0  0  0  0  0  0  0  0  0  0  0  0  0
10355  s  0.668934  0.0247222  0.148891  2.94383  0.143003  0.27441  2.92562  1.88006  0.251669  -0.329644  1.8307  D0  6.8466  0.42789  -0.0826756  6.5733  0  0  0  0  0  0  0  0  0  0  0  0  0  0  0  0  0  0
11525  s  0.974793  0.0446882  0.150251  0.613414  0.2311  -0.0440518  0.556566  0.37539  -0.11099  0.274499  0.205148  D0  6.1854  -0.365154  0.0637385  5.88592  0  0  0  0  0  0  0  0  0  0  0  0  0  0  0  0  0  0
13316  s  0.611132  0.016505  0.115864  0.530679  0.0693539  0.00259623  0.515403  4.38866  -0.38648  0.0123584  4.37032  Lambda_c+  10.2657  -0.554342  0.0531089  9.99231  0  0  0  0  0  0  0  0  0  0  0  0  0  0  0  0  0  0
14279  s  0.868222  0.0333786  0.132841  0.554569  0.0404617  -0.141328  0.524187  2.22311  0.0988133  0.506915  2.15971  D+  8.07661  -0.00115813  0.829745  7.8133  0  0  0  0  0  0  0  0  0  0  0  0  0  0  0  0  0  0
14713  s  1.22805  0.0681047  0.169279  0.78881  -0.215952  0.183722  0.72847  1.45814  0.719196  -0.00680496  1.26401  D+  6.92027  1.40258  0.839008  6.45937  0  0  0  0  0  0  0  0  0  0  0  0  0  0  0  0  0  0
15047  s  1.22303  0.0668539  0.166997  0.225356  -0.00104227  -0.130492  0.150306  2.01369  0.753862  -0.253948  1.84689  Lambda_c+  10.4086  0.437221  0.0812765  10.1446  0  0  0  0  0  0  0  0  0  0  0  0  0  0  0  0  0  0
15358  s  1.36372  0.107446  0.236486  3.36556  -0.461953  -0.519687  3.29125  0.419175  -0.171817  0.0557772  0.363197  D+  6.40832  0.657771  -0.0684427  6.09375  0  0  0  0  0  0  0  0  0  0  0  0  0  0  0  0  0  0
16278  s  0.528478  0.0171422  0.15514  3.90709  -0.23132  -0.159175  3.89556  1.63205  -0.405671  0.443639  1.51362  Lambda_c+  7.80023  -0.0137984  0.673175  7.42714  0  0  0  0  0  0  0  0  0  0  0  0  0  0  0  0  0  0
17056  s  1.84994  0.172759  0.284503  2.03291  -0.202414  0.695483  1.89654  1.0845  0.0255786  0.208551  1.05869  Lambda_c+  8.76589  0.738984  -0.24643  8.42651  0  0  0  0  0  0  0  0  0  0  0  0  0  0  0  0  0  0
17981  s  0.991941  0.0436804  0.143329  0.585258  -0.175268  0.0530721  0.545736  1.74836  -0.243099  -0.152538  1.7214  D+  9.26573  0.23254  -0.441716  9.0614  0  0  0  0  0  0  0  0  0  0  0  0  0  0  0  0  0  0
18356  s  0.937409  0.0397754  0.141408  0.816316  0.166066  -0.133086  0.780973  2.83662  -0.538218  -0.156808  2.77867  D+  7.20683  -0.51518  -0.359593  6.93168  0  0  0  0  0  0  0  0  0  0  0  0  0  0  0  0  0  0
18975  s  1.67193  0.146607  0.263169  1.87181  0.286043  -0.637824  1.73316  0.343242  -0.139118  -0.0556067  0.290181  D+  4.87643  -0.0258995  0.876372  4.41762  0  0  0  0  0  0  0  0  0  0  0  0  0  0  0  0  0  0
20571  s  1.88421  0.206743  0.335179  3.43829  -0.681192  -0.690993  3.29684  3.37665  0.362195  0.431485  3.32765  D+  7.2822  0.496662  0.410145  7.00857  0  0  0  0  0  0  0  0  0  0  0  0  0  0  0  0  0  0
21598  s  0.790629  0.0395866  0.181804  4.17456  0.29694  -0.333174  4.14929  2.11079  0.5026  -0.15151  2.04174  D+  4.95317  -0.329011  -0.175513  4.57158  0  0  0  0  0  0  0  0  0  0  0  0  0  0  0  0  0  0
22253  s  0.591826  0.0240224  0.178174  4.81941  0.318863  -0.159109  4.80505  1.18226  0.287887  0.716152  0.88928  Lambda_c+  6.37401  -0.321169  1.01451  5.85387  0  0  0  0  0  0  0  0  0  0  0  0  0  0  0  0  0  0
24976  s  0.940894  0.041785  0.147751  1.30206  0.163571  0.229103  1.26687  1.22681  0.441815  -0.171499  1.12662  D0  6.80072  0.357736  -0.0161611  6.53023  0  0  0  0  0  0  0  0  0  0  0  0  0  0  0  0  0  0
27342  s  1.33014  0.0858788  0.194465  1.61057  -0.348693  0.300039  1.53985  2.52445  0.190537  0.252122  2.50237  D+  6.67597  0.349587  -0.182857  6.39668  0  0  0  0  0  0  0  0  0  0  0  0  0  0  0  0  0  0
27788  s  0.718675  0.0241201  0.129076  0.720192  0.156261  -0.091889  0.68895  2.15613  0.294632  -0.092745  2.13127  Lambda_c+  8.92819  0.148735  0.266171  8.62507  0  0  0  0  0  0  0  0  0  0  0  0  0  0  0  0  0  0
28939  s  0.351056  0.00618392  0.119054  1.96912  0.0341768  -0.0930696  1.96378  0.378345  7.77694e-05  0.227274  0.283421  D+  8.44682  0.159322  -0.231959  8.2325  0  0  0  0  0  0  0  0  0  0  0  0  0  0  0  0  0  0
30614  s  1.44503  0.113214  0.234213  2.76066  0.213412  0.629826  2.67728  0.869857  -0.273008  -0.406961  0.71087  D+  7.18554  0.031842  -0.62395  6.90986  0  0  0  0  0  0  0  0  0  0  0  0  0  0  0  0  0  0
31007  s  0.435576  0.00861273  0.110715  0.789925  0.0100162  -0.0538919  0.780905  2.27298  -0.0446958  -0.0546041  2.26943  D+  8.09604  0.537447  -0.0801049  7.85845  0  0  0  0  0  0  0  0  0  0  0  0  0  0  0  0  0  0
31395  s  0.432802  0.00857211  0.1115  0.944485  0.0332098  -0.0506124  0.936602  4.28525  0.23972  0.0727844  4.27662  D+  9.36176  0.183605  -0.424022  9.16153  0  0  0  0  0  0  0  0  0  0  0  0  0  0  0  0  0  0
31435  s  0.402267  0.00760119  0.113257  1.24466  -0.0616055  -0.0457806  1.23779  1.21276  -0.159259  0.350667  1.14511  D0  7.60003  0.0814668  0.34423  7.35919  0  0  0  0  0  0  0  0  0  0  0  0  0  0  0  0  0  0
32984  s  0.617546  0.0199897  0.137821  2.42271  0.035932  -0.250681  2.40712  4.89194  0.640331  -0.399491  4.83222  D0  8.33546  0.612695  -0.192551  8.09875  0  0  0  0  0  0  0  0  0  0  0  0  0  0  0  0  0  0
33460  s  0.535099  0.0158172  0.140023  2.94252  -0.232212  -0.0656358  2.9307  2.02866  0.721191  0.301407  1.86905  D+  6.91944  0.56604  -0.382678  6.62694  0  0  0  0  0  0  0  0  0  0  0  0  0  0  0  0  0  0
34444  s  0.483052  0.0117711  0.125218  2.02567  -0.0762111  0.149249  2.01596  1.21839  -0.279084  0.539804  1.05073  D+  6.80533  0.57851  0.248914  6.5131  0  0  0  0  0  0  0  0  0  0  0  0  0  0  0  0  0  0
34580  s  0.928862  0.0488974  0.176089  3.18644  0.00492052  0.456958  3.15173  0.695435  -0.341316  -0.27032  0.53188  D0  6.4607  -0.121997  -0.14533  6.1828  0  0  0  0  0  0  0  0  0  0  0  0  0  0  0  0  0  0
34600  s  0.856087  0.0526278  0.213773  5.16826  -0.114646  -0.529409  5.13871  1.08711  -0.0817216  0.363703  1.01572  D+  4.67265  0.081677  0.443108  4.25854  0  0  0  0  0  0  0  0  0  0  0  0  0  0  0  0  0  0
35167  s  0.947643  0.0390464  0.136676  0.333239  -0.0853763  -0.0656452  0.297129  0.181082  0.00598965  0.037571  0.142053  Lambda_c+  11.7247  0.108582  0.176848  11.4977  0  0  0  0  0  0  0  0  0  0  0  0  0  0  0  0  0  0
35743  d  1.22511  0.323463  0.319582  10.1166  -0.432493  -1.00661  10.0565  0.20409  -0.0965135  -0.0411841  0.139562  eta  0.822476  -0.208263  -0.0601089  0.573882  0.479746  -0.185415  -0.133481  0.408407  eta  0.822476  -0.208263  -0.0601089  0.573882  0  0  0  0  0  0  0  0  0
36262  s  1.11131  0.0635706  0.17896  2.23659  0.37488  -0.259314  2.1871  0.476245  -0.102733  0.239913  0.3841  D+  6.78325  0.0241787  -0.13939  6.51897  0  0  0  0  0  0  0  0  0  0  0  0  0  0  0  0  0  0
37712  s  0.684682  0.02068  0.119841  0.509233  -0.0319665  0.0828539  0.490171  5.31321  -0.218087  -0.240835  5.30221  D0  7.77307  -0.286778  0.184589  7.53834  0  0  0  0  0  0  0  0  0  0  0  0  0  0  0  0  0  0
40002  s  0.479097  0.0109486  0.118222  1.4173  -0.119088  0.0407501  1.40774  0.785021  0.113386  -0.334673  0.692988  D+  6.65316  -0.00709729  0.166159  6.3829  0  0  0  0  0  0  0  0  0  0  0  0  0  0  0  0  0  0
40147  s  1.1094  0.0559623  0.157935  1.40657  0.405786  0.00891045  1.34259  1.97176  -0.247258  -0.119199  1.9497  D+  6.08982  0.756914  -0.0408618  5.74594  0  0  0  0  0  0  0  0  0  0  0  0  0  0  0  0  0  0
42293  s  0.567096  0.0155451  0.124229  1.56472  -0.0752245  -0.156082  1.55151  0.436765  0.123951  -0.138429  0.380884  D+  8.78384  -0.12148  -0.147945  8.58042  0  0  0  0  0  0  0  0  0  0  0  0  0  0  0  0  0  0
42361  s  1.04535  0.077585  0.236643  5.08219  0.548211  -0.362853  5.03838  1.07525  -0.59808  -0.28622  0.839868  D+  5.05022  -0.492084  -0.263348  4.65808  0  0  0  0  0  0  0  0  0  0  0  0  0  0  0  0  0  0
42554  d  3.34434  0.48284  0.474298  0.492759  0.0491698  0.478432  0.018239  0.418431  0.0271214  0.0376982  0.402198  mu+  0.442723  0.0256335  -0.00903581  0.42907  0.439598  0.0171087  -0.247292  0.347327  mu-  0.998188  0.0101924  -0.425681  0.896609  0  0  0  0  0  0  0  0  0
44613  s  1.2031  0.0640712  0.163274  0.796  0.0666669  0.283963  0.733057  0.6778  0.233376  -0.235271  0.58175  D+  5.18234  -0.0597954  0.275929  4.82509  0  0  0  0  0  0  0  0  0  0  0  0  0  0  0  0  0  0
44694  s  0.593984  0.0158614  0.116942  0.735699  0.0612053  0.0784315  0.721243  0.391703  0.165956  0.0316777  0.337227  D+  9.77915  0.394209  -0.136088  9.5897  0  0  0  0  0  0  0  0  0  0  0  0  0  0  0  0  0  0
45007  s  0.302599  0.0062644  0.160154  4.79998  0.104406  0.130718  4.7959  3.03231  -0.512638  -0.316829  2.96995  D+  5.06023  -0.536078  0.100691  4.67044  0  0  0  0  0  0  0  0  0  0  0  0  0  0  0  0  0  0
45927  d  1.89419  0.266394  0.263768  3.81018  0.135981  0.707581  3.73994  0.171044  -0.0229534  0.132335  0.00725317  omega  0.96191  -0.441075  -0.000848612  0.342235  0.287137  0.0561712  -0.0755582  0.249838  omega  0.96191  -0.441075  -0.000848612  0.342235  0  0  0  0  0  0  0  0  0
46832  s  0.938649  0.0385585  0.136828  0.412615  0.0803327  0.101832  0.377179  2.63514  -0.398629  -0.420078  2.56855  D+  9.21035  0.163257  -0.0248809  9.01709  0  0  0  0  0  0  0  0  0  0  0  0  0  0  0  0  0  0
48643  s  0.970958  0.0462967  0.156516  1.73769  -0.184013  -0.291907  1.6998  2.95226  0.0114248  0.75329  2.85256  D+  6.36742  0.492247  0.522188  6.0443  0  0  0  0  0  0  0  0  0  0  0  0  0  0  0  0  0  0
49936  s  0.554947  0.0147773  0.12267  1.48346  -0.0331834  -0.158679  1.47079  1.73064  -0.212436  -0.399242  1.66717  D+  8.03264  1.10558  0.322287  7.72668  0  0  0  0  0  0  0  0  0  0  0  0  0  0  0  0  0  0
54177  s  1.3195  0.12537  0.286041  5.18869  -0.573966  0.613795  5.1191  1.15049  -0.00075312  0.181358  1.13118  Lambda_c+  7.15554  0.165447  -0.577793  6.75371  0  0  0  0  0  0  0  0  0  0  0  0  0  0  0  0  0  0
54882  s  0.668087  0.0206217  0.124478  1.05518  0.119416  -0.112213  1.03701  2.68786  -0.127146  0.474719  2.64043  D+  6.83868  0.0758585  0.751043  6.53469  0  0  0  0  0  0  0  0  0  0  0  0  0  0  0  0  0  0
55242  s  0.747308  0.0272216  0.136753  1.65658  0.213637  -0.132814  1.63396  0.547994  0.230317  -0.206751  0.439706  D+  6.50342  0.41699  -0.317374  6.20681  0  0  0  0  0  0  0  0  0  0  0  0  0  0  0  0  0  0
55250  s  0.833757  0.0308967  0.130747  0.599572  -0.0369405  -0.142559  0.57152  2.02421  0.183122  0.31055  1.98904  Lambda_c+  11.6265  0.226291  0.15548  11.3961  0  0  0  0  0  0  0  0  0  0  0  0  0  0  0  0  0  0
56093  s  1.01016  0.0472005  0.151008  1.06871  -0.152703  0.226739  1.02774  1.35556  -0.00709399  0.277632  1.32259  D+  8.5125  0.73364  -0.468086  8.25893  0  0  0  0  0  0  0  0  0  0  0  0  0  0  0  0  0  0
56849  s  0.791999  0.0289871  0.132818  1.05775  0.17955  0.097956  1.03239  0.539462  0.00131003  0.213425  0.484049  D0  9.73724  0.44564  0.273645  9.54267  0  0  0  0  0  0  0  0  0  0  0  0  0  0  0  0  0  0
58239  s  1.55454  0.13693  0.263071  3.1845  0.14267  0.757162  3.08808  2.88621  0.206354  -0.0973118  2.87524  D+  7.30402  0.357139  0.139163  7.05027  0  0  0  0  0  0  0  0  0  0  0  0  0  0  0  0  0  0
58573  s  1.3009  0.0856043  0.198779  2.05435  -0.461914  0.221078  1.9867  0.499265  -0.114919  -0.0322176  0.473136  Lambda_c+  10.3037  0.684889  -0.141929  10.0225  0  0  0  0  0  0  0  0  0  0  0  0  0  0  0  0  0  0
59364  s  1.41763  0.111814  0.236012  3.01144  0.682425  -0.0092703  2.93118  2.6956  0.782038  -0.201795  2.56959  D+  6.25202  0.215335  0.13202  5.96057  0  0  0  0  0  0  0  0  0  0  0  0  0  0  0  0  0  0
59750  s  0.772091  0.027573  0.131506  1.06813  0.057004  0.191128  1.04401  1.97173  -0.334374  -0.10258  1.93759  Lambda_c+  10.6644  -0.157686  0.0507068  10.4151  0  0  0  0  0  0  0  0  0  0  0  0  0  0  0  0  0  0
61141  s  1.88784  0.155278  0.251846  0.358211  0.17038  -0.203397  0.21622  1.07683  0.324519  0.187456  1.00396  D+  7.5627  0.148142  -0.0654775  7.32617  0  0  0  0  0  0  0  0  0  0  0  0  0  0  0  0  0  0
63509  s  0.892702  0.060241  0.229801  5.53969  0.258714  0.525791  5.50759  1.00114  0.00939223  0.191099  0.976988  Lambda_c+  6.20023  -0.106856  -0.766442  5.71105  0  0  0  0  0  0  0  0  0  0  0  0  0  0  0  0  0  0
64254  s  1.21108  0.0883459  0.223132  3.74215  0.569816  0.316229  3.68346  0.835149  -0.287391  -0.217653  0.745884  D+  5.74408  -0.576167  -0.802374  5.34071  0  0  0  0  0  0  0  0  0  0  0  0  0  0  0  0  0  0
65442  s  1.1318  0.0849202  0.233335  3.53878  -0.102867  -0.657322  3.47407  0.26975  0.0295527  0.246321  -0.0073041  Lambda_c+  6.98524  -0.0982525  1.11755  6.50439  0  0  0  0  0  0  0  0  0  0  0  0  0  0  0  0  0  0
69075  s  0.515723  0.0148367  0.140269  3.03633  -0.166271  -0.16706  3.02533  0.93108  0.356028  -0.113915  0.846176  D+  5.46845  0.311501  0.277868  5.12194  0  0  0  0  0  0  0  0  0  0  0  0  0  0  0  0  0  0
72005  s  0.470446  0.0105015  0.117214  1.35847  0.0406019  0.110402  1.34923  0.898324  -0.217639  0.213078  0.838482  D+  5.96601  0.101508  -0.0647127  5.66422  0  0  0  0  0  0  0  0  0  0  0  0  0  0  0  0  0  0
74829  s  0.673635  0.0373528  0.222242  6.11533  0.027407  -0.462165  6.09687  0.147578  0.0560278  0.0827981  0.024914  D+  4.40431  -0.291723  -0.163179  3.97376  0  0  0  0  0  0  0  0  0  0  0  0  0  0  0  0  0  0
75277  d  1.47373  0.137944  0.137235  1.10766  -0.0965736  0.515468  0.969907  0.628871  -0.164738  0.0131226  0.597498  Sigma-  5.06304  -0.464025  -0.36764  4.88364  0  0  0  0  0  0  0  0  0  0  0  0  0  0  0  0  0  0
76090  s  0.731038  0.0247056  0.1286  1.06201  -0.167172  0.0802749  1.04034  3.22438  -0.0546577  0.137199  3.21926  D+  7.63922  0.989487  0.281147  7.33512  0  0  0  0  0  0  0  0  0  0  0  0  0  0  0  0  0  0
76191  s  0.613347  0.0226539  0.158008  3.73992  0.18725  -0.261936  3.72454  0.792731  -0.0421763  0.223321  0.752068  D+  5.89201  -0.731547  0.764799  5.48637  0  0  0  0  0  0  0  0  0  0  0  0  0  0  0  0  0  0
76499  s  1.53459  0.120364  0.234306  2.16294  0.604306  0.146085  2.06896  3.49835  -0.0397905  -0.0757206  3.49571  D+  9.19248  -0.618621  -0.206034  8.97669  0  0  0  0  0  0  0  0  0  0  0  0  0  0  0  0  0  0
77589  s  1.04463  0.0678164  0.207115  4.52062  -0.212329  0.651917  4.46708  2.03038  0.117656  0.130842  2.01998  D+  5.12955  -0.303741  0.181307  4.76358  0  0  0  0  0  0  0  0  0  0  0  0  0  0  0  0  0  0
77691  s  0.564754  0.0153398  0.12348  1.50756  -0.138704  0.0917339  1.49463  2.02807  0.152994  -0.467257  1.96473  D+  7.3185  -0.235185  -0.31143  7.06489  0  0  0  0  0  0  0  0  0  0  0  0  0  0  0  0  0  0
78352  s  0.585637  0.0207653  0.156868  3.78771  0.272069  0.14548  3.77365  2.21127  -0.136264  0.348083  2.17688  D0  6.60807  0.0710813  -0.0684065  6.3387  0  0  0  0  0  0  0  0  0  0  0  0  0  0  0  0  0  0
79503  d  1.51905  0.120519  0.119977  2.38617  0.253819  -0.596167  2.29408  2.13533  -0.0219314  -0.277299  2.11449  omega  2.84529  0.116663  -0.203532  2.72552  0.202131  -0.0424224  -0.0196374  0.165854  omega  2.84529  0.116663  -0.203532  2.72552  0  0  0  0  0  0  0  0  0
81676  s  1.08736  0.0743137  0.215131  4.43774  0.455026  0.469167  4.38807  1.59373  -0.313982  0.0824363  1.55674  Lambda_c+  7.38421  -0.220549  -0.191101  7.01523  0  0  0  0  0  0  0  0  0  0  0  0  0  0  0  0  0  0
83933  s  1.4662  0.0940762  0.191864  0.412105  -0.00763286  0.22836  0.326282  1.10204  -0.248882  -0.000631532  1.06836  D+  8.95944  0.66314  -0.341798  8.73038  0  0  0  0  0  0  0  0  0  0  0  0  0  0  0  0  0  0
84874  s  0.708597  0.0265958  0.145626  1.30976  -0.146029  -0.185056  1.28404  3.19387  -0.0877361  0.9024  3.06066  D+  7.95435  0.286917  1.01357  7.6594  0  0  0  0  0  0  0  0  0  0  0  0  0  0  0  0  0  0
86355  s  1.41181  0.141288  0.299196  5.07154  -0.809391  0.367202  4.99193  1.39523  -0.202805  -0.195575  1.36239  D+  5.13197  0.217655  0.0278933  4.77426  0  0  0  0  0  0  0  0  0  0  0  0  0  0  0  0  0  0
87673  s  0.676137  0.0205275  0.121462  1.16309  0.129191  -0.173878  1.13785  0.97927  0.291424  -0.0464843  0.927748  D0  7.79417  0.507195  0.171109  7.54883  0  0  0  0  0  0  0  0  0  0  0  0  0  0  0  0  0  0
87765  s  1.43791  0.090161  0.187643  0.368856  -0.184687  -0.0938946  0.286296  5.20919  0.356107  0.0390765  5.19578  D+  9.84649  -0.140943  0.0360275  9.66627  0  0  0  0  0  0  0  0  0  0  0  0  0  0  0  0  0  0
89888  s  1.10639  0.0637961  0.180625  2.36424  0.173948  -0.433764  2.31517  2.99301  0.420632  -0.033217  2.96123  D+  8.45973  -0.357759  0.547403  8.22459  0  0  0  0  0  0  0  0  0  0  0  0  0  0  0  0  0  0
89912  s  0.58639  0.0166882  0.125807  1.60921  0.12065  0.1395  1.59511  2.75151  -0.345587  0.313428  2.70961  D+  9.01071  -0.214066  -0.245866  8.80858  0  0  0  0  0  0  0  0  0  0  0  0  0  0  0  0  0  0
90090  s  1.47991  0.154772  0.311967  5.04845  -0.463584  -0.805621  4.96103  1.60076  0.762642  0.700842  1.21593  D+  4.95338  0.299278  0.617822  4.53533  0  0  0  0  0  0  0  0  0  0  0  0  0  0  0  0  0  0
92807  s  0.639743  0.021964  0.142593  2.65945  0.138574  0.241185  2.64275  1.32081  0.256819  -0.0300807  1.29094  Lambda_c+  8.12923  -0.107752  -0.126763  7.79928  0  0  0  0  0  0  0  0  0  0  0  0  0  0  0  0  0  0
93456  s  0.613289  0.0253719  0.176976  4.68942  0.120487  -0.344012  4.67404  0.716175  0.357661  0.198239  0.578379  Lambda_c+  7.50499  -0.0603523  0.589518  7.12361  0  0  0  0  0  0  0  0  0  0  0  0  0  0  0  0  0  0
94134  s  0.970793  0.0511354  0.172884  3.64784  0.458885  -0.38475  3.5968  0.339271  0.16816  0.262629  0.0817839  D+  4.98918  0.0856375  -0.162004  4.622  0  0  0  0  0  0  0  0  0  0  0  0  0  0  0  0  0  0
97155  s  0.696238  0.0232858  0.131253  1.49584  0.2155  0.0305184  1.47615  1.37898  -0.362289  0.147314  1.31813  D0  7.41032  0.526982  -0.71836  7.11628  0  0  0  0  0  0  0  0  0  0  0  0  0  0  0  0  0  0
97659  s  2.05494  0.194195  0.295523  1.00151  -0.269063  -0.474325  0.833351  2.09625  0.214851  -0.121759  2.07897  D0  7.7086  0.525541  0.00209871  7.46114  0  0  0  0  0  0  0  0  0  0  0  0  0  0  0  0  0  0
