93  s  2.97845  0.0835657  0.104695  6.52459  0.786356  -0.532945  6.45421  6.49762  0.0304821  -0.531874  6.47488  D0  42.5101  -0.854298  -0.200224  42.4601  0  0  0  0  0  0  0  0  0  0  0  0  0  0  0  0  0  0
285  s  1.48641  0.0284353  0.0573807  21.69  0.442328  -0.745805  21.6724  5.27942  0.0845102  0.390888  5.26319  D+  24.6349  0.555156  0.196796  24.5568  0  0  0  0  0  0  0  0  0  0  0  0  0  0  0  0  0  0
977  s  4.61061  0.255596  0.282113  18.7753  1.37867  -2.09491  18.6067  3.7788  -0.110921  0.147322  3.77282  D+  23.4343  -1.05896  1.62833  23.2787  0  0  0  0  0  0  0  0  0  0  0  0  0  0  0  0  0  0
1178  s  0.614832  0.00357352  0.0248427  6.72437  0.0527469  -0.165895  6.72129  25.0787  -0.341475  0.569842  25.0697  D_s+  40.1115  0.0942481  -0.467187  40.0603  0  0  0  0  0  0  0  0  0  0  0  0  0  0  0  0  0  0
1201  s  3.26775  0.1453  0.175726  23.9328  -1.52208  1.31131  23.8481  12.5075  0.355547  -0.00127413  12.502  D0  28.2404  1.93052  -0.961595  28.0961  0  0  0  0  0  0  0  0  0  0  0  0  0  0  0  0  0  0
1267  s  2.24089  0.0581502  0.0841688  17.0774  1.02896  -0.539113  17.0375  3.74251  0.317321  0.179828  3.72319  D0  31.7795  0.153365  0.137376  31.7241  0  0  0  0  0  0  0  0  0  0  0  0  0  0  0  0  0  0
1277  s  2.19971  0.0413652  0.0605813  0.760055  -0.0461899  -0.20892  0.721622  15.5174  -0.325729  -0.542203  15.5042  D+  33.2009  -0.0385438  -0.483325  33.1447  0  0  0  0  0  0  0  0  0  0  0  0  0  0  0  0  0  0
1421  s  1.94084  0.0447137  0.071398  14.1119  -0.701462  0.775306  14.0727  2.98152  0.0880224  0.317524  2.96138  D+  21.1901  -0.304339  0.265178  21.1036  0  0  0  0  0  0  0  0  0  0  0  0  0  0  0  0  0  0
2088  s  0.824891  0.00671401  0.0289135  9.08848  0.22641  0.192784  9.083  4.56745  0.470887  -0.105404  4.54066  D+  35.7108  0.50783  0.524728  35.6544  0  0  0  0  0  0  0  0  0  0  0  0  0  0  0  0  0  0
2526  s  0.804042  0.00715218  0.0320427  14.9276  -0.256679  0.280205  14.9223  14.3576  0.936337  -0.502152  14.3178  D_s+  42.8779  0.879888  -0.622479  42.8191  0  0  0  0  0  0  0  0  0  0  0  0  0  0  0  0  0  0
2911  s  3.3041  0.147788  0.178051  23.7309  -1.97998  -0.413824  23.6443  1.7974  -0.0105982  -0.407177  1.74745  D0  14.2073  0.44253  -0.512304  14.0681  0  0  0  0  0  0  0  0  0  0  0  0  0  0  0  0  0  0
4383  s  2.08614  0.0456293  0.0691963  12.2697  -0.0768345  0.911157  12.2352  2.07637  -0.178604  0.184127  2.05776  D0  35.3857  -0.134825  -0.337977  35.3347  0  0  0  0  0  0  0  0  0  0  0  0  0  0  0  0  0  0
5343  d  2.10874  0.106792  0.106707  40.9063  -1.59435  -0.579499  40.8709  1.41938  0.117805  -0.146996  1.40285  eta  5.63332  0.444153  -0.525116  5.56428  1.36989  0.28178  -0.0677871  1.33471  eta  5.63332  0.444153  -0.525116  5.56428  0  0  0  0  0  0  0  0  0
5432  s  1.48264  0.0390696  0.0790363  33.1127  0.632001  -0.865215  33.0952  8.90362  -0.143317  0.806836  8.8652  D+  23.754  -0.0590592  0.780719  23.6674  0  0  0  0  0  0  0  0  0  0  0  0  0  0  0  0  0  0
5487  s  3.97263  0.166606  0.190124  12.6174  1.60898  -0.73655  12.4922  2.83757  -0.0501593  0.285141  2.82079  D0  36.5078  -1.08564  0.964693  36.4312  0  0  0  0  0  0  0  0  0  0  0  0  0  0  0  0  0  0
5753  s  1.34457  0.0272398  0.061129  27.7284  0.88656  0.0451469  27.714  6.81215  -0.254992  0.254367  6.8018  D0  27.1976  -0.359925  0.0435769  27.1312  0  0  0  0  0  0  0  0  0  0  0  0  0  0  0  0  0  0
6115  s  4.11411  0.473916  0.535028  44.0634  -3.04863  -1.58267  43.9292  0.244404  0.0112917  -0.0551264  0.213079  Lambda_c+  16.859  2.94367  1.01818  16.4102  0  0  0  0  0  0  0  0  0  0  0  0  0  0  0  0  0  0
6194  s  0.863187  0.00756537  0.0304092  4.28241  0.176875  0.167166  4.27418  13.155  0.0234867  0.232187  13.1525  D_s+  41.6127  -1.43197  -0.128716  41.5412  0  0  0  0  0  0  0  0  0  0  0  0  0  0  0  0  0  0
7123  s  0.77808  0.0066381  0.031307  14.4947  -0.329235  -0.14852  14.4898  7.69143  -0.324461  -0.127456  7.6828  D_s+  37.7423  0.637749  0.72551  37.6786  0  0  0  0  0  0  0  0  0  0  0  0  0  0  0  0  0  0
7760  s  3.50436  0.144282  0.170533  17.7384  1.13078  1.46843  17.641  2.48679  -0.117636  -0.305741  2.46286  Lambda_c+  43.6588  -1.26262  -1.87418  43.5403  0  0  0  0  0  0  0  0  0  0  0  0  0  0  0  0  0  0
10037  cbar  1.77568  0.0596918  0.0596652  25.0824  0.945293  0.770609  25.0525  0.619747  0.286016  -0.432867  0.322094  D_s+  5.97899  0.522165  -0.67767  5.58045  0  0  0  0  0  0  0  0  0  0  0  0  0  0  0  0  0  0
10092  s  1.52176  0.0830656  0.163671  48.2394  1.09581  -0.752811  48.221  3.99219  -0.252982  0.361814  3.96629  D0  12.5148  -0.559894  0.501102  12.3522  0  0  0  0  0  0  0  0  0  0  0  0  0  0  0  0  0  0
10237  s  3.58261  0.117094  0.137501  4.68341  0.954618  -0.143927  4.58161  32.3708  -0.157834  0.476263  32.3667  D0  44.4224  -0.27378  0.505321  44.3795  0  0  0  0  0  0  0  0  0  0  0  0  0  0  0  0  0  0
10601  s  1.13933  0.011154  0.030485  1.07868  0.063949  -0.0837945  1.06831  16.5496  0.0388066  -0.110923  16.5488  D+  32.3502  0.374537  0.500913  32.2901  0  0  0  0  0  0  0  0  0  0  0  0  0  0  0  0  0  0
10670  s  1.79572  0.0305826  0.0519101  15.1607  1.00257  -0.00785318  15.1271  0.317007  -0.0391642  0.125129  0.268586  D+  14.9779  0.66331  0.111485  14.8455  0  0  0  0  0  0  0  0  0  0  0  0  0  0  0  0  0  0
11158  s  2.91578  0.0966141  0.122095  16.2025  -1.34555  0.599859  16.1351  11.5971  0.309178  -0.509594  11.5813  D0  27.9325  0.107095  -0.365061  27.8676  0  0  0  0  0  0  0  0  0  0  0  0  0  0  0  0  0  0
11536  s  1.21939  0.078108  0.196187  52.6098  -1.08914  0.256982  52.5978  1.43782  0.429034  0.00678113  1.36822  D+  8.38159  1.07193  0.0756119  8.09943  0  0  0  0  0  0  0  0  0  0  0  0  0  0  0  0  0  0
11556  s  2.22452  0.0720028  0.104685  26.472  -0.369277  1.38988  26.4327  5.10023  0.144143  -0.331116  5.08633  D0  14.7376  -0.331588  -0.930723  14.5858  0  0  0  0  0  0  0  0  0  0  0  0  0  0  0  0  0  0
12455  s  1.60211  0.0495562  0.0929622  34.0144  1.32599  0.079491  33.9883  0.535759  -0.283631  0.0527763  0.43891  D0  9.75073  -0.204335  0.912331  9.52496  0  0  0  0  0  0  0  0  0  0  0  0  0  0  0  0  0  0
12545  cbar  1.88334  0.0740207  0.0739799  22.6571  -0.408618  1.13626  22.6246  0.754057  0.342382  0.314191  0.584377  D0  6.91529  -0.338549  0.230106  6.6465  0  0  0  0  0  0  0  0  0  0  0  0  0  0  0  0  0  0
13281  s  0.589734  0.00345409  0.0257996  9.43949  0.105581  0.177149  9.43664  12.7878  -0.487135  0.0690778  12.7779  D0  36.4796  -0.514786  -0.713226  36.4213  0  0  0  0  0  0  0  0  0  0  0  0  0  0  0  0  0  0
13488  s  0.487699  0.00239166  0.0250157  10.0995  -0.162593  -0.0474772  10.0975  4.7288  -0.0736075  -0.0810046  4.72636  D+  28.5878  -0.271399  -0.329044  28.5235  0  0  0  0  0  0  0  0  0  0  0  0  0  0  0  0  0  0
13497  s  1.9068  0.0390659  0.0632226  13.4988  -0.870573  0.101789  13.4699  7.97991  0.564836  0.20462  7.95657  D0  31.4676  0.615989  0.0598256  31.4061  0  0  0  0  0  0  0  0  0  0  0  0  0  0  0  0  0  0
14155  s  1.63247  0.0366516  0.0675779  24.3489  1.00555  0.0999034  24.3277  8.00191  -0.584449  0.294712  7.97439  D+  35.1114  -0.461532  -0.797163  35.0495  0  0  0  0  0  0  0  0  0  0  0  0  0  0  0  0  0  0
14373  s  0.82453  0.00704475  0.0303581  8.59523  -0.334897  0.212195  8.58544  3.10116  0.49489  -0.0474861  3.05923  D0  22.3652  0.559186  0.0169145  22.2803  0  0  0  0  0  0  0  0  0  0  0  0  0  0  0  0  0  0
14461  s  2.87603  0.0952658  0.121094  16.8268  1.4261  0.399571  16.7611  3.2436  -0.279443  0.198723  3.2237  D+  28.6502  0.185929  -0.340131  28.5865  0  0  0  0  0  0  0  0  0  0  0  0  0  0  0  0  0  0
14513  s  2.36617  0.1528  0.213962  43.5699  1.6696  -1.03593  43.5255  3.58354  -0.144434  0.576864  3.53227  D_s+  13.7816  -0.00704223  0.246378  13.6381  0  0  0  0  0  0  0  0  0  0  0  0  0  0  0  0  0  0
14556  s  1.19085  0.0146496  0.0378886  11.5099  -0.458743  -0.19747  11.4986  3.28018  -0.373393  -0.0249349  3.25705  D+  44.0954  -0.476084  0.234626  44.0525  0  0  0  0  0  0  0  0  0  0  0  0  0  0  0  0  0  0
14558  s  0.698263  0.00507885  0.0285152  11.9378  -0.236881  0.164526  11.9338  12.3031  0.44233  -0.694831  12.2751  D_s+  33.2504  0.335439  -0.869442  33.179  0  0  0  0  0  0  0  0  0  0  0  0  0  0  0  0  0  0
14683  s  1.86717  0.031228  0.05137  3.60314  -0.150903  0.406229  3.57542  4.93392  0.0154429  0.43402  4.91363  D+  32.3058  0.107802  0.274571  32.2503  0  0  0  0  0  0  0  0  0  0  0  0  0  0  0  0  0  0
15239  s  1.32574  0.0397568  0.090625  39.5373  -0.842977  -0.621588  39.5232  1.2783  0.0875092  -0.184966  1.25739  D+  14.0856  0.163025  -0.394756  13.9544  0  0  0  0  0  0  0  0  0  0  0  0  0  0  0  0  0  0
15577  s  1.37838  0.0214865  0.0469244  15.9747  0.202877  0.656739  15.9596  7.88744  -0.261376  -0.834562  7.83809  Lambda_c+  39.1435  -1.05687  -1.14114  39.0457  0  0  0  0  0  0  0  0  0  0  0  0  0  0  0  0  0  0
15691  s  0.955168  0.0166024  0.0575396  33.8118  -0.602534  0.347314  33.8045  2.3892  0.442265  0.320957  2.32346  D0  18.4372  0.118565  0.449152  18.3368  0  0  0  0  0  0  0  0  0  0  0  0  0  0  0  0  0  0
16115  s  2.09299  0.0510808  0.0772878  17.3955  -0.905366  0.615426  17.3607  0.342382  -0.0612821  0.0148304  0.319509  D0  22.9433  0.83339  -0.122243  22.8518  0  0  0  0  0  0  0  0  0  0  0  0  0  0  0  0  0  0
16345  s  1.63789  0.090548  0.166379  47.2681  -0.156387  1.4069  47.2468  3.81446  -0.163533  -0.11189  3.80784  D+  12.72  -0.2013  -1.51243  12.4889  0  0  0  0  0  0  0  0  0  0  0  0  0  0  0  0  0  0
16530  s  2.08592  0.12104  0.183466  43.9396  -1.72082  0.253507  43.905  2.07075  0.847605  0.000319038  1.88637  D+  14.4653  2.49298  0.470468  14.1178  0  0  0  0  0  0  0  0  0  0  0  0  0  0  0  0  0  0
16584  s  2.26583  0.043499  0.0625423  0.20043  -0.0585828  -0.00926126  0.159658  5.33023  0.211421  0.310129  5.31594  D0  47.2167  0.913827  0.0205  47.171  0  0  0  0  0  0  0  0  0  0  0  0  0  0  0  0  0  0
16627  s  3.923  0.185784  0.212651  18.9597  2.0912  0.472912  18.8378  0.910707  -0.140067  0.171439  0.877048  D+  33.2271  -1.9726  0.442184  33.1128  0  0  0  0  0  0  0  0  0  0  0  0  0  0  0  0  0  0
16821  s  1.42524  0.0222464  0.04688  12.8024  0.540495  -0.227105  12.7885  8.68987  -0.605351  0.0320985  8.66805  D+  37.6586  0.118329  0.34341  37.6104  0  0  0  0  0  0  0  0  0  0  0  0  0  0  0  0  0  0
17038  s  1.43481  0.0300335  0.0628441  26.568  0.859183  -0.34918  26.5516  9.39097  -0.844147  0.455542  9.34125  D+  27.3825  -1.50844  0.583143  27.2707  0  0  0  0  0  0  0  0  0  0  0  0  0  0  0  0  0  0
17111  s  1.29227  0.0158781  0.037267  7.04943  0.145168  0.394221  7.03611  12.3879  -0.587768  -0.000363732  12.3735  D+  40.5355  0.171415  -0.534825  40.4885  0  0  0  0  0  0  0  0  0  0  0  0  0  0  0  0  0  0
17330  s  2.84967  0.131232  0.167429  30.1203  0.342576  -1.93629  30.0558  13.0294  -0.296512  0.562809  13.0134  D+  30.6341  0.162405  1.70912  30.5288  0  0  0  0  0  0  0  0  0  0  0  0  0  0  0  0  0  0
17365  s  4.27678  0.166758  0.187039  4.64498  0.97294  -0.607083  4.49995  1.47006  0.0192593  -0.199443  1.4525  D+  36.0389  -1.25786  0.982258  35.9549  0  0  0  0  0  0  0  0  0  0  0  0  0  0  0  0  0  0
18045  s  3.70201  0.199782  0.232236  26.5396  0.655115  2.3059  26.4309  17.4461  0.25836  -1.29806  17.3955  D+  29.0514  0.375447  -1.80943  28.9322  0  0  0  0  0  0  0  0  0  0  0  0  0  0  0  0  0  0
18139  s  0.761904  0.0137209  0.066896  42.2037  0.497306  0.405231  42.1986  1.97616  -0.281884  0.262713  1.93535  D+  10.9739  0.597438  -0.291294  10.793  0  0  0  0  0  0  0  0  0  0  0  0  0  0  0  0  0  0
18222  s  1.63859  0.107427  0.197291  49.7764  0.723526  1.2617  49.755  0.709541  -0.231659  0.218765  0.625109  Lambda_c+  11.0988  -1.64901  -0.872223  10.6993  0  0  0  0  0  0  0  0  0  0  0  0  0  0  0  0  0  0
19126  s  4.17619  0.186343  0.210092  13.2201  0.574524  1.81554  13.0818  12.2542  0.201706  -0.371526  12.2465  D0  30.6807  0.244963  -1.37206  30.5923  0  0  0  0  0  0  0  0  0  0  0  0  0  0  0  0  0  0
19607  s  1.57446  0.0277071  0.0528446  15.4184  -0.679485  -0.367744  15.3987  4.10653  -0.0397912  -0.279328  4.09546  D+  38.9958  0.619116  0.143324  38.9458  0  0  0  0  0  0  0  0  0  0  0  0  0  0  0  0  0  0
20743  s  4.89914  0.230533  0.251713  7.33184  0.11054  -1.61212  7.15077  14.4325  0.198698  -0.317612  14.4272  D+  39.2394  -0.632113  0.293861  39.1887  0  0  0  0  0  0  0  0  0  0  0  0  0  0  0  0  0  0
20858  s  2.99746  0.0787853  0.0984573  2.32387  -0.416531  -0.376277  2.25259  6.4022  0.118729  -0.356963  6.39026  D+  40.1846  0.774763  -0.601848  40.1291  0  0  0  0  0  0  0  0  0  0  0  0  0  0  0  0  0  0
21378  s  2.42402  0.0570747  0.0788964  8.23413  -0.868858  0.00375458  8.18748  4.1687  -0.24196  0.147223  4.15772  D+  30.1756  -0.40272  1.01748  30.0977  0  0  0  0  0  0  0  0  0  0  0  0  0  0  0  0  0  0
21379  s  1.58455  0.0458701  0.0869461  29.1881  0.425614  -1.00721  29.1674  12.8956  -0.595692  -0.0057138  12.8814  D_s+  15.6081  -0.267063  0.760995  15.4624  0  0  0  0  0  0  0  0  0  0  0  0  0  0  0  0  0  0
21495  s  0.767003  0.00731766  0.035303  26.9317  0.433239  0.311466  26.9262  4.04146  0.0647856  -0.047323  4.03928  D0  29.4412  0.207145  0.348025  29.3793  0  0  0  0  0  0  0  0  0  0  0  0  0  0  0  0  0  0
21845  s  1.65454  0.0347332  0.0632647  21.0957  0.90848  0.286398  21.0739  3.63821  -0.157082  0.00929208  3.63327  D0  32.3035  0.18561  0.0293562  32.2491  0  0  0  0  0  0  0  0  0  0  0  0  0  0  0  0  0  0
21971  d  1.43325  0.0689095  0.068874  46.9661  0.0319542  1.22853  46.9499  0.533146  0.131634  0.363634  0.351459  eta  1.38681  0.275786  0.537359  1.12174  0.632773  0.0728218  0.239007  0.571673  eta  1.38681  0.275786  0.537359  1.12174  0  0  0  0  0  0  0  0  0
21981  s  4.87611  0.253651  0.277131  13.0873  -1.46113  1.65251  12.8997  28.8636  1.39689  -0.295969  28.8281  D0  37.7512  1.98678  -0.709548  37.6461  0  0  0  0  0  0  0  0  0  0  0  0  0  0  0  0  0  0
22219  s  2.22346  0.0462336  0.0672521  6.11294  0.0385048  0.682543  6.07367  10.8579  -0.330161  0.376003  10.8459  D0  36.3461  -0.372129  -0.274717  36.2953  0  0  0  0  0  0  0  0  0  0  0  0  0  0  0  0  0  0
22232  s  2.82382  0.187667  0.240285  33.3386  1.95818  -1.05361  33.2641  1.34292  0.0331643  0.033629  1.33792  Lambda_c+  20.5905  -2.20497  0.979737  20.3204  0  0  0  0  0  0  0  0  0  0  0  0  0  0  0  0  0  0
22639  s  0.826277  0.0100607  0.043213  26.9326  -0.0391295  -0.532416  26.9271  2.19021  0.175348  0.0229042  2.1805  D+  24.9454  1.38797  -0.036159  24.8364  0  0  0  0  0  0  0  0  0  0  0  0  0  0  0  0  0  0
22768  s  1.86758  0.0530156  0.0871812  28.1481  -1.06195  -0.62121  28.121  2.22787  -0.245261  0.279333  2.1941  D0  20.8729  -0.0961519  0.831356  20.7726  0  0  0  0  0  0  0  0  0  0  0  0  0  0  0  0  0  0
22969  s  1.57266  0.0515467  0.0984023  37.5268  1.05723  -0.590224  37.5072  2.22569  -0.595004  0.100183  2.13973  Lambda_c+  21.7256  -1.06047  0.839061  21.5626  0  0  0  0  0  0  0  0  0  0  0  0  0  0  0  0  0  0
23236  s  3.07048  0.0859367  0.106378  13.2911  -0.657109  2.02475  13.1191  1.00501  -0.0131632  -0.233232  0.971755  D+  10.1364  -1.07173  0.010168  9.90466  0  0  0  0  0  0  0  0  0  0  0  0  0  0  0  0  0  0
23279  s  1.27281  0.0141348  0.0337624  2.01861  0.194753  -0.0541062  2.00569  7.29972  0.311998  -0.390261  7.28184  D+  39.9293  0.0678587  0.040081  39.8854  0  0  0  0  0  0  0  0  0  0  0  0  0  0  0  0  0  0
23534  s  2.36959  0.0737793  0.103287  22.4125  -0.538132  1.29977  22.3681  9.49039  -0.300978  0.569425  9.46792  D0  20.2942  -0.803318  1.35329  20.147  0  0  0  0  0  0  0  0  0  0  0  0  0  0  0  0  0  0
23554  s  3.15666  0.113177  0.138616  16.7029  -0.121542  -1.54301  16.6307  2.796  0.155124  0.149542  2.78568  eta  4.42028  0.166265  0.195728  4.37868  1.16896  0.0109697  -0.0953101  1.16021  eta  4.42028  0.166265  0.195728  4.37868  0  0  0  0  0  0  0  0  0
23900  s  1.33492  0.0254554  0.0575847  30.8249  -0.466031  -1.00881  30.8046  6.58097  -0.0765907  -0.123448  6.57852  D+  15.843  -0.182837  -0.00673676  15.7312  0  0  0  0  0  0  0  0  0  0  0  0  0  0  0  0  0  0
24823  s  2.07381  0.0412313  0.0627831  7.51151  0.233937  0.668031  7.47734  5.7978  -0.0664373  0.488755  5.77582  D+  36.0974  -0.813532  -0.328678  36.0383  0  0  0  0  0  0  0  0  0  0  0  0  0  0  0  0  0  0
25086  s  1.96154  0.0338483  0.0536284  2.52001  -0.310506  -0.213554  2.48943  12.3759  -0.553856  0.328861  12.3586  D+  52.6974  -0.384211  0.919952  52.6548  0  0  0  0  0  0  0  0  0  0  0  0  0  0  0  0  0  0
25222  s  2.09054  0.0659892  0.0999135  31.2349  0.198842  -1.65018  31.1905  0.138688  -0.0187914  0.0273309  0.0834875  D+  12.8111  -0.926611  1.2028  12.5827  0  0  0  0  0  0  0  0  0  0  0  0  0  0  0  0  0  0
25235  s  0.631192  0.00477768  0.0317587  18.6586  -0.217609  -0.250176  18.6553  17.3366  -0.157709  0.105141  17.3353  D+  38.8894  -0.0194952  0.358669  38.8428  0  0  0  0  0  0  0  0  0  0  0  0  0  0  0  0  0  0
25585  s  2.46397  0.0560462  0.0767852  2.50107  0.362539  -0.396506  2.4404  6.18993  0.19466  0.573622  6.15931  D+  23.3055  -0.449369  0.56428  23.2192  0  0  0  0  0  0  0  0  0  0  0  0  0  0  0  0  0  0
25637  cbar  2.87887  0.250975  0.250507  47.0691  2.58392  0.594222  46.9942  1.28802  -0.127556  0.00725385  1.2773  Lambda_c+  5.84105  -0.878891  -0.662003  5.26111  0  0  0  0  0  0  0  0  0  0  0  0  0  0  0  0  0  0
25867  s  1.44052  0.0223663  0.04661  13.6548  0.132186  0.650068  13.6383  3.3487  0.105498  -0.372985  3.32452  D+  37.6199  -0.830579  0.124358  37.564  0  0  0  0  0  0  0  0  0  0  0  0  0  0  0  0  0  0
25929  s  0.40102  0.00152756  0.0228995  6.99425  0.0645224  -0.0611169  6.99289  15.8217  0.338508  -0.573586  15.8073  D+  32.7576  0.254197  -0.22247  32.7024  0  0  0  0  0  0  0  0  0  0  0  0  0  0  0  0  0  0
26209  s  2.45179  0.0810821  0.111364  18.5579  0.420945  1.46253  18.4951  1.38838  0.426688  -0.374755  1.2625  D_s+  7.41898  -0.0380098  -0.135149  7.15168  0  0  0  0  0  0  0  0  0  0  0  0  0  0  0  0  0  0
26368  s  1.87554  0.0953167  0.156173  43.4293  1.35377  -0.764386  43.4013  6.07221  -0.347609  0.84586  6.00202  Lambda_c+  19.3686  -1.50058  0.808896  19.1575  0  0  0  0  0  0  0  0  0  0  0  0  0  0  0  0  0  0
26481  s  1.42871  0.0228844  0.0481012  15.5632  -0.497376  0.497423  15.5469  19.9377  0.73196  -0.464951  19.9186  tau+  29.6774  0.0702243  -0.412318  29.6212  0  0  0  0  0  0  0  0  0  0  0  0  0  0  0  0  0  0
26610  s  1.91575  0.0416104  0.0670995  16.0939  0.0554643  -0.961191  16.0647  7.00113  0.333065  0.438698  6.97863  Lambda_c+  21.4244  0.260698  1.3328  21.2587  0  0  0  0  0  0  0  0  0  0  0  0  0  0  0  0  0  0
26774  s  2.55692  0.0803763  0.107973  13.9652  -0.727671  -1.10124  13.9023  3.09258  0.0679428  -0.268782  3.07832  D0  22.1242  1.10247  -0.481368  22.0126  0  0  0  0  0  0  0  0  0  0  0  0  0  0  0  0  0  0
26886  s  1.80886  0.0401424  0.0677264  19.6599  -0.658285  0.760138  19.6339  7.75091  0.63019  0.411213  7.71357  D_s+  25.3272  0.397262  0.382481  25.2446  0  0  0  0  0  0  0  0  0  0  0  0  0  0  0  0  0  0
26929  s  2.70223  0.0666962  0.0872042  4.75323  0.620554  0.389001  4.69528  1.2135  0.141716  -0.131282  1.19336  D_s+  37.8356  -1.63647  -0.714451  37.7421  0  0  0  0  0  0  0  0  0  0  0  0  0  0  0  0  0  0
27031  cbar  1.66579  0.0686418  0.0686066  27.5316  -0.337783  -1.13325  27.506  1.87625  0.12169  0.461795  1.81137  Lambda_c+  7.57765  0.0284042  -0.592168  7.2001  0  0  0  0  0  0  0  0  0  0  0  0  0  0  0  0  0  0
27035  s  0.983548  0.00984701  0.0327477  10.7444  0.305465  0.249194  10.7366  5.09775  -0.119928  0.0666417  5.09481  D0  44.7518  0.766913  0.635135  44.7019  0  0  0  0  0  0  0  0  0  0  0  0  0  0  0  0  0  0
27088  s  1.82925  0.0354274  0.0592336  12.7788  -0.592406  -0.699239  12.7454  1.226  -0.198484  0.179881  1.1917  D+  32.6646  -1.19365  0.650684  32.5827  0  0  0  0  0  0  0  0  0  0  0  0  0  0  0  0  0  0
27654  s  1.98268  0.0408325  0.0641843  11.793  -0.553556  0.646728  11.7618  2.97087  -0.151122  -0.240407  2.95538  D0  23.8536  0.702792  -0.368093  23.7674  0  0  0  0  0  0  0  0  0  0  0  0  0  0  0  0  0  0
28224  s  0.827247  0.0172988  0.0741652  42.0146  0.0371991  -0.671228  42.0091  4.39167  -0.0671137  -0.338298  4.37683  D+  14.6068  -0.185666  0.584473  14.4737  0  0  0  0  0  0  0  0  0  0  0  0  0  0  0  0  0  0
28335  s  1.18566  0.0296959  0.0772074  37.8673  -0.91219  0.0834868  37.8561  10.6856  0.825794  0.665979  10.6323  D+  19.1699  0.200575  0.70431  19.0645  0  0  0  0  0  0  0  0  0  0  0  0  0  0  0  0  0  0
28358  s  1.40159  0.0318212  0.0682513  30.1978  -0.76656  -0.588656  30.1821  1.11507  0.283966  0.051115  1.0719  D+  25.0212  0.741181  0.685453  24.9308  0  0  0  0  0  0  0  0  0  0  0  0  0  0  0  0  0  0
28368  s  2.3429  0.0552547  0.0778715  10.1565  0.355485  0.863685  10.1129  2.87665  -0.290436  0.0371404  2.85976  D0  32.7234  0.202765  -0.25528  32.6686  0  0  0  0  0  0  0  0  0  0  0  0  0  0  0  0  0  0
28523  s  0.794203  0.00574463  0.0262354  4.58415  0.187619  -0.0157245  4.57906  10.7746  -0.404772  -0.464043  10.7565  D+  43.5579  -0.647283  -0.0517716  43.5129  0  0  0  0  0  0  0  0  0  0  0  0  0  0  0  0  0  0
28927  s  2.61186  0.0635653  0.0844907  5.90555  0.398951  -0.682852  5.8514  1.45341  0.0394082  -0.0584446  1.44785  D0  38.0643  -0.227934  0.538192  38.0141  0  0  0  0  0  0  0  0  0  0  0  0  0  0  0  0  0  0
29175  s  1.82538  0.0479601  0.0803172  26.073  -0.752781  -0.896077  26.0465  0.779445  0.243908  -0.112584  0.72402  Lambda_c+  27.8899  1.34125  0.947804  27.7475  0  0  0  0  0  0  0  0  0  0  0  0  0  0  0  0  0  0
29203  s  3.69373  0.118497  0.137917  0.243316  -0.169014  0.0615702  0.125227  6.63546  -0.0250693  -0.192934  6.63176  D+  43.7073  0.176428  0.269  43.6661  0  0  0  0  0  0  0  0  0  0  0  0  0  0  0  0  0  0
29599  cbar  3.16709  0.244099  0.243657  37.6519  -1.5008  2.11778  37.5622  1.83757  -0.330095  0.109217  1.80128  D+  5.43567  -0.829952  -0.378847  5.02182  0  0  0  0  0  0  0  0  0  0  0  0  0  0  0  0  0  0
29705  s  1.64074  0.0233477  0.0428543  13.0837  0.576343  -0.797388  13.0463  12.308  -0.203746  -0.652822  12.2885  D+  32.0393  -0.51161  -0.553434  31.9758  0  0  0  0  0  0  0  0  0  0  0  0  0  0  0  0  0  0
30523  s  1.90446  0.0369075  0.0597867  10.7272  0.656931  0.418307  10.6983  6.79812  0.216959  0.160726  6.79194  D+  39.5838  -0.132705  -0.202943  39.5389  0  0  0  0  0  0  0  0  0  0  0  0  0  0  0  0  0  0
30610  s  7.15714  0.445966  0.464016  1.8863  1.16299  0.0563115  1.48028  2.98733  0.115633  -0.200466  2.97648  D+  49.0513  -0.860888  0.0708802  49.008  0  0  0  0  0  0  0  0  0  0  0  0  0  0  0  0  0  0
30924  s  1.05079  0.0149029  0.0452664  23.6137  0.525839  -0.360086  23.6049  1.58639  0.0411808  -0.161648  1.57406  D+  26.0062  -0.396361  0.650031  25.9277  0  0  0  0  0  0  0  0  0  0  0  0  0  0  0  0  0  0
31107  s  2.30912  0.10037  0.142617  34.7863  0.720109  -1.55381  34.7439  2.05  -0.184148  0.0146462  2.03892  D0  21.1495  -0.435587  1.70839  20.9932  0  0  0  0  0  0  0  0  0  0  0  0  0  0  0  0  0  0
31441  d  1.00081  0.288948  0.288321  61.2485  0.976652  0.134395  61.2404  0.130059  0.0567199  -0.0481819  0.0145825  eta  0.654839  -0.177726  0.0955475  0.296578  0.24313  -0.131705  0.173612  0.021461  eta  0.654839  -0.177726  0.0955475  0.296578  0  0  0  0  0  0  0  0  0
31514  s  5.08443  0.280145  0.303894  13.9209  1.27553  2.00648  13.716  1.86497  0.0661782  0.0551958  1.85998  D0  40.925  -1.61358  -2.39838  40.7801  0  0  0  0  0  0  0  0  0  0  0  0  0  0  0  0  0  0
31525  s  0.429739  0.00166492  0.0219492  3.9862  0.0207492  -0.0278493  3.98465  16.5771  -0.109341  0.61207  16.5651  D+  54.1796  -0.320081  0.83014  54.14  0  0  0  0  0  0  0  0  0  0  0  0  0  0  0  0  0  0
31554  s  1.24777  0.0284228  0.0694832  33.9051  0.00323338  0.911758  33.8926  6.28641  0.13282  0.235188  6.27972  D+  19.8444  0.231529  -0.617471  19.7451  0  0  0  0  0  0  0  0  0  0  0  0  0  0  0  0  0  0
31845  s  2.27104  0.0566969  0.0813966  14.6195  -0.947154  0.536353  14.5785  1.9392  -0.0523298  -0.173794  1.92779  D0  32.0404  0.0603389  -0.985339  31.9708  0  0  0  0  0  0  0  0  0  0  0  0  0  0  0  0  0  0
31976  s  2.75621  0.0796795  0.103218  12.2894  -0.984745  0.705187  12.2292  2.40868  0.130561  0.176891  2.3963  D0  38.9864  0.465547  0.136142  38.9387  0  0  0  0  0  0  0  0  0  0  0  0  0  0  0  0  0  0
32464  s  2.33804  0.0591669  0.0834833  13.849  0.600871  -0.908435  13.8057  9.95459  -0.258638  0.0803362  9.95035  D0  41.7972  -0.883749  1.00723  41.734  0  0  0  0  0  0  0  0  0  0  0  0  0  0  0  0  0  0
32831  d  3.11014  0.398727  0.397547  50.1679  -0.878986  2.62874  50.0911  0.235667  -0.0228518  -0.00321891  0.209386  Lambda0  3.67673  -0.212571  -0.536708  3.45549  0  0  0  0  0  0  0  0  0  0  0  0  0  0  0  0  0  0
33079  s  1.45237  0.0194912  0.0402761  5.41105  0.200608  -0.359693  5.39432  4.92306  0.247248  -0.228479  4.9104  D0  48.9347  0.125624  0.504259  48.8964  0  0  0  0  0  0  0  0  0  0  0  0  0  0  0  0  0  0
33350  s  1.30964  0.0177358  0.0409969  11.5619  0.0519546  0.549806  11.5483  0.87662  0.0531156  0.0886484  0.864071  D+  24.1419  0.136648  -0.18219  24.0683  0  0  0  0  0  0  0  0  0  0  0  0  0  0  0  0  0  0
33431  s  1.17574  0.0369522  0.0970709  43.1605  0.527004  -0.814995  43.1495  9.34594  0.167253  0.0870914  9.34344  D+  17.1668  -0.608343  1.08629  17.0192  0  0  0  0  0  0  0  0  0  0  0  0  0  0  0  0  0  0
35370  s  2.76495  0.134434  0.173826  32.6479  0.0149873  -1.98313  32.5875  12.2209  0.268475  1.22746  12.1556  D+  18.3792  0.131134  1.15528  18.2468  0  0  0  0  0  0  0  0  0  0  0  0  0  0  0  0  0  0
35631  s  1.18226  0.0165155  0.0430956  17.9955  -0.176703  0.599435  17.9843  22.4852  0.22779  0.118072  22.4835  D0  37.4499  0.367856  -0.69336  37.3952  0  0  0  0  0  0  0  0  0  0  0  0  0  0  0  0  0  0
35906  s  2.1297  0.067128  0.100378  27.09  1.38997  0.0875072  27.0539  9.62487  -0.173353  0.379113  9.61525  D+  27.4652  -0.842964  -0.688107  27.3799  0  0  0  0  0  0  0  0  0  0  0  0  0  0  0  0  0  0
36137  s  1.05563  0.0129245  0.0390168  17.1497  -0.525382  0.136558  17.1408  5.57495  -0.112628  0.0860514  5.57214  D+  35.793  -0.186452  0.467827  35.7406  0  0  0  0  0  0  0  0  0  0  0  0  0  0  0  0  0  0
36829  s  3.94004  0.177191  0.202606  15.4813  -0.620899  -1.8698  15.3551  2.9972  0.256219  -0.151714  2.9805  D0  27.7604  0.721922  0.77368  27.6774  0  0  0  0  0  0  0  0  0  0  0  0  0  0  0  0  0  0
37520  s  3.41958  0.116408  0.138687  9.56499  -0.0254673  1.32437  9.47223  3.29007  0.130593  -0.312895  3.27084  D0  38.7408  0.292744  -0.813571  38.6862  0  0  0  0  0  0  0  0  0  0  0  0  0  0  0  0  0  0
37567  s  3.48095  0.111904  0.132573  5.39353  -0.0643689  -1.00608  5.29742  10.8721  0.220443  -0.242702  10.8666  D+  39.3872  0.13882  0.616124  39.3378  0  0  0  0  0  0  0  0  0  0  0  0  0  0  0  0  0  0
38085  s  2.03847  0.0592886  0.0913511  25.8846  0.519522  -1.3904  25.8418  0.268453  -0.0306314  -0.077236  0.232378  D+  14.6814  -0.416505  0.782216  14.5349  0  0  0  0  0  0  0  0  0  0  0  0  0  0  0  0  0  0
38334  s  0.839051  0.0106242  0.0445753  27.7837  -0.435818  0.337321  27.778  2.30942  0.173053  0.293381  2.28172  D+  25.7595  -0.0613217  0.469681  25.6872  0  0  0  0  0  0  0  0  0  0  0  0  0  0  0  0  0  0
38367  d  2.94428  0.331041  0.330227  49.1411  -2.4188  0.945382  49.0723  3.77848  0.485423  -0.646073  3.68954  eta  9.04616  1.14857  -1.40231  8.84575  3.4678  0.475972  -0.664509  3.36844  eta  9.04616  1.14857  -1.40231  8.84575  0  0  0  0  0  0  0  0  0
38412  s  3.94842  0.140581  0.160703  0.527926  0.371593  -0.0686467  0.353197  4.01591  -0.132545  0.315532  3.99991  D+  32.675  0.192786  0.736414  32.6126  0  0  0  0  0  0  0  0  0  0  0  0  0  0  0  0  0  0
38559  s  2.25193  0.0534259  0.0770993  12.5132  -0.728721  -0.681264  12.473  15.6782  1.03985  0.200775  15.642  D+  35.3273  1.65329  0.550541  35.2348  0  0  0  0  0  0  0  0  0  0  0  0  0  0  0  0  0  0
38602  s  2.76749  0.066194  0.0855978  3.88672  -0.352973  0.708197  3.80385  7.18161  0.302964  0.24761  7.17017  D0  37.2191  0.201905  0.365384  37.17  0  0  0  0  0  0  0  0  0  0  0  0  0  0  0  0  0  0
38711  s  0.684941  0.00542094  0.0314183  8.9561  -0.130509  0.252301  8.95098  3.43665  -0.223262  -0.447643  3.3984  D0  43.5203  -0.827931  -1.17986  43.4564  0  0  0  0  0  0  0  0  0  0  0  0  0  0  0  0  0  0
38822  s  0.953056  0.00815577  0.0283568  3.32918  0.0417335  -0.185417  3.32207  27.9884  0.085411  -0.482069  27.9839  tau+  42.4487  0.656205  0.270107  42.4055  0  0  0  0  0  0  0  0  0  0  0  0  0  0  0  0  0  0
38829  s  1.75417  0.0308552  0.0534045  9.95169  -0.615159  -0.311301  9.92721  15.7116  0.362325  0.297443  15.7043  D+  46.0981  1.08204  1.55827  46.0211  0  0  0  0  0  0  0  0  0  0  0  0  0  0  0  0  0  0
39070  s  1.55432  0.0502639  0.0970398  29.2147  1.1129  0.428327  29.1902  1.79648  -0.535484  -0.207972  1.69887  D+  13.2966  -1.0836  0.403961  13.1136  0  0  0  0  0  0  0  0  0  0  0  0  0  0  0  0  0  0
39075  s  0.650544  0.00377868  0.0238675  1.52489  -0.0409641  -0.0650465  1.51928  7.92101  0.398211  -0.303572  7.90446  D+  34.5453  0.23808  -0.549463  34.4895  0  0  0  0  0  0  0  0  0  0  0  0  0  0  0  0  0  0
39183  s  3.48711  0.151963  0.179878  20.4542  1.39876  -1.40307  20.3577  4.12449  0.0244151  -0.248566  4.11557  D0  29.9878  -1.70654  0.32237  29.8793  0  0  0  0  0  0  0  0  0  0  0  0  0  0  0  0  0  0
39635  s  1.46051  0.0430847  0.0885024  36.7127  -0.438595  -1.02168  36.6957  6.35683  0.457159  0.00973282  6.33948  D0  15.5674  -0.181094  0.00324939  15.4542  0  0  0  0  0  0  0  0  0  0  0  0  0  0  0  0  0  0
40025  cbar  1.55597  0.0499105  0.0498919  37.2463  1.17408  0.213917  37.2271  0.199013  -0.057508  0.0384263  -0.153812  Lambda_c+  4.10733  -1.18637  0.176877  3.19428  0  0  0  0  0  0  0  0  0  0  0  0  0  0  0  0  0  0
40042  s  1.67686  0.0320411  0.0576661  9.69671  0.709914  0.357143  9.66351  0.985136  -0.130008  0.0242187  0.970485  D0  28.071  -0.706415  0.704429  27.9912  0  0  0  0  0  0  0  0  0  0  0  0  0  0  0  0  0  0
40975  s  2.49807  0.0891229  0.121176  22.273  -1.63007  0.0167145  22.213  6.63971  0.142465  -0.151143  6.63562  D+  21.055  1.16947  -0.436012  20.9346  0  0  0  0  0  0  0  0  0  0  0  0  0  0  0  0  0  0
41077  s  2.65529  0.0633241  0.083493  3.809  -0.233831  -0.606765  3.75159  8.87936  0.912679  0.324773  8.82572  D+  30.4597  0.846009  0.072661  30.3904  0  0  0  0  0  0  0  0  0  0  0  0  0  0  0  0  0  0
41117  s  1.82232  0.0317053  0.0531743  7.27986  0.606372  -0.0699459  7.25346  18.9574  -0.0443292  -0.1293  18.9566  Lambda_c+  53.396  -1.01558  0.827678  53.3309  0  0  0  0  0  0  0  0  0  0  0  0  0  0  0  0  0  0
41304  d  4.40599  0.216111  0.215764  15.1662  -2.11596  0.368001  15.013  8.63916  0.364957  -0.400975  8.62148  eta  35.1261  1.17492  -1.49357  35.0704  25.1503  0.767022  -1.12282  25.1133  eta  35.1261  1.17492  -1.49357  35.0704  0  0  0  0  0  0  0  0  0
41445  s  1.93852  0.081056  0.12951  25.5146  0.473348  1.23817  25.4799  5.06168  -0.403632  -0.313066  5.03473  D+  23.7176  -0.964983  -0.848413  23.6088  0  0  0  0  0  0  0  0  0  0  0  0  0  0  0  0  0  0
41635  s  2.4164  0.0532836  0.0737866  21.0333  -1.10127  -1.67234  20.9375  2.71166  -0.0352702  0.20266  2.70178  D0  22.5976  0.491413  0.114603  22.5148  0  0  0  0  0  0  0  0  0  0  0  0  0  0  0  0  0  0
41770  s  2.85493  0.0825584  0.105284  10.4856  1.13104  -0.24852  10.4209  14.9422  -0.0250986  -0.131211  14.9412  D0  34.5616  -0.0595193  -0.097283  34.511  0  0  0  0  0  0  0  0  0  0  0  0  0  0  0  0  0  0
42281  s  6.10345  0.383337  0.405334  9.78288  -2.33945  0.777234  9.4666  10.1512  0.750394  -0.515807  10.1097  D0  30.0886  0.760917  -0.819957  30.01  0  0  0  0  0  0  0  0  0  0  0  0  0  0  0  0  0  0
42644  s  0.646442  0.00362989  0.0231734  1.74679  0.0216524  0.0152894  1.74339  8.1499  -0.190829  -0.0202877  8.14695  D+  53.5136  -0.473366  -0.137169  53.4787  0  0  0  0  0  0  0  0  0  0  0  0  0  0  0  0  0  0
42721  s  0.823733  0.00610637  0.0263537  3.88087  0.0896934  -0.15226  3.87541  23.0379  -0.0481323  -0.199917  23.0367  D+  57.2282  0.184811  -0.519019  57.195  0  0  0  0  0  0  0  0  0  0  0  0  0  0  0  0  0  0
42731  s  3.23552  0.100555  0.122076  7.61732  -0.941889  -0.599972  7.53428  5.23132  -0.131913  0.0995826  5.22764  D0  41.6278  0.602128  0.58852  41.5775  0  0  0  0  0  0  0  0  0  0  0  0  0  0  0  0  0  0
42824  d  1.86115  0.131399  0.13127  49.0478  1.5356  0.57563  49.0203  0.204082  -0.0462497  -0.0907246  0.141829  Lambda0  2.28922  -0.317579  -0.472606  1.91614  0  0  0  0  0  0  0  0  0  0  0  0  0  0  0  0  0  0
43247  s  0.774531  0.00526682  0.0250197  2.3983  -0.0109832  0.109173  2.39346  7.98543  0.166905  -0.214901  7.98009  D_s+  36.5068  0.211526  -0.120174  36.4529  0  0  0  0  0  0  0  0  0  0  0  0  0  0  0  0  0  0
43272  s  1.09396  0.0208758  0.0601146  32.5463  0.648038  0.438024  32.5367  4.79282  -0.235446  -0.172804  4.78275  D0  11.3912  -0.846784  -0.249292  11.2028  0  0  0  0  0  0  0  0  0  0  0  0  0  0  0  0  0  0
43616  s  3.54452  0.158135  0.186236  20.7315  1.99689  -0.347106  20.632  10.5097  -0.315769  -0.148464  10.5034  Lambda_c+  40.4001  -1.24875  1.327  40.2942  0  0  0  0  0  0  0  0  0  0  0  0  0  0  0  0  0  0
44168  s  2.34223  0.0470111  0.0662687  0.908795  0.160961  -0.20052  0.865232  24.093  0.676231  0.100073  24.083  D+  41.7985  0.73983  0.403497  41.7482  0  0  0  0  0  0  0  0  0  0  0  0  0  0  0  0  0  0
44324  s  3.38859  0.108459  0.129607  19.2155  0.188655  2.09946  19.0993  8.25322  -0.406013  -0.129437  8.24154  D+  22.528  -0.64459  -0.65454  22.4315  0  0  0  0  0  0  0  0  0  0  0  0  0  0  0  0  0  0
44493  s  1.90802  0.0345191  0.0558389  9.85637  -0.0336599  0.897938  9.81475  12.5717  -0.477019  -0.0321556  12.5622  D+  19.7393  -0.162748  -0.296517  19.6476  0  0  0  0  0  0  0  0  0  0  0  0  0  0  0  0  0  0
44977  s  3.60375  0.135962  0.159356  12.1939  1.48682  -0.528797  12.0909  2.30105  -0.189128  -0.104188  2.28846  D+  42.4722  -2.75646  0.189374  42.341  0  0  0  0  0  0  0  0  0  0  0  0  0  0  0  0  0  0
45005  s  2.65181  0.0608694  0.0803088  1.53157  0.365837  -0.151164  1.47576  6.1567  -0.24072  -0.276859  6.14486  D0  47.9513  -0.519823  0.407139  47.9105  0  0  0  0  0  0  0  0  0  0  0  0  0  0  0  0  0  0
45199  s  2.24005  0.0506911  0.0733933  10.3453  -0.128842  -0.891748  10.3055  3.41105  0.104619  0.43576  3.37983  D+  33.9502  -0.296482  -0.0379068  33.8974  0  0  0  0  0  0  0  0  0  0  0  0  0  0  0  0  0  0
45409  s  0.897294  0.0176281  0.0668818  38.7566  0.289052  0.637696  38.7501  3.60988  -0.341761  -0.0393755  3.59189  D+  11.2519  -0.334527  -0.250704  11.0876  0  0  0  0  0  0  0  0  0  0  0  0  0  0  0  0  0  0
45486  s  4.2885  0.174594  0.1957  11.4849  -0.372633  -1.85589  11.3273  1.43746  -0.0148729  -0.0677136  1.4319  D0  26.4252  -0.149618  -0.177891  26.3583  0  0  0  0  0  0  0  0  0  0  0  0  0  0  0  0  0  0
45534  s  1.77982  0.0460447  0.0787224  26.4341  1.1403  0.14046  26.4089  1.14945  -0.177959  -0.194742  1.11376  D0  16.6384  -0.424792  -1.03147  16.4959  0  0  0  0  0  0  0  0  0  0  0  0  0  0  0  0  0  0
45907  cbar  2.06481  0.190211  0.189941  48.5847  1.91293  0.184341  48.5466  0.941445  -0.42612  0.312128  0.772109  D+  4.27612  -0.0143593  0.346147  3.8301  0  0  0  0  0  0  0  0  0  0  0  0  0  0  0  0  0  0
46016  s  2.45641  0.061692  0.0846574  10.9744  -0.514809  -0.879182  10.9265  7.1007  -0.237024  -0.392203  7.08511  tau+  33.4648  0.937046  0.783039  33.3952  0  0  0  0  0  0  0  0  0  0  0  0  0  0  0  0  0  0
46736  s  1.53381  0.0316163  0.0618396  7.86535  0.393667  -0.473227  7.84051  12.805  -0.477556  0.773677  12.7722  D0  32.2318  -1.02258  1.37435  32.1321  0  0  0  0  0  0  0  0  0  0  0  0  0  0  0  0  0  0
46757  s  4.80939  0.314486  0.344272  27.3884  -3.20563  -0.112215  27.1997  0.959516  0.276158  0.0975732  0.907592  Lambda_c+  30.0765  2.00276  -0.192832  29.9219  0  0  0  0  0  0  0  0  0  0  0  0  0  0  0  0  0  0
46859  s  2.3636  0.0481227  0.0674799  10.5895  0.265878  -1.08995  10.5294  3.93211  -0.382006  -0.19402  3.90726  D0  31.4401  -0.134175  0.187982  31.3839  0  0  0  0  0  0  0  0  0  0  0  0  0  0  0  0  0  0
47157  s  1.28195  0.0462826  0.109611  44.1737  -1.03388  -0.279514  44.1606  5.11198  0.226198  -0.484948  5.0828  Lambda_c+  17.0438  1.87583  -0.52267  16.7771  0  0  0  0  0  0  0  0  0  0  0  0  0  0  0  0  0  0
48255  s  0.98604  0.00971065  0.0321803  13.0148  0.477381  0.138527  13.0049  12.5085  -0.799035  -0.225906  12.4805  D0  41.8918  -0.802441  -0.569506  41.8387  0  0  0  0  0  0  0  0  0  0  0  0  0  0  0  0  0  0
48608  s  1.6545  0.0977962  0.17805  48.1783  0.996174  -1.04631  48.1565  3.72114  -0.0686984  -0.479054  3.68802  D+  11.4516  -0.571588  -0.19823  11.2817  0  0  0  0  0  0  0  0  0  0  0  0  0  0  0  0  0  0
49183  s  2.00473  0.053898  0.084039  18.3202  0.141095  1.10894  18.2857  8.63333  -0.000813991  -0.980177  8.57686  D0  30.2432  -0.691485  -1.08299  30.1583  0  0  0  0  0  0  0  0  0  0  0  0  0  0  0  0  0  0
49496  s  2.3797  0.0487108  0.0680397  1.34641  0.360161  -0.045281  1.29225  5.88296  0.250349  -0.510951  5.85443  D+  48.0242  0.21344  -1.2358  47.9714  0  0  0  0  0  0  0  0  0  0  0  0  0  0  0  0  0  0
49720  s  0.845161  0.017797  0.0738468  41.7076  0.580464  0.362504  41.7018  4.55739  0.454021  -0.1471  4.5311  D0  12.7738  0.0508105  -0.849843  12.6082  0  0  0  0  0  0  0  0  0  0  0  0  0  0  0  0  0  0
49805  s  1.51194  0.0243233  0.0482551  6.73917  -0.507385  -0.390296  6.70786  3.42616  0.29959  0.223465  3.40408  D+  19.1525  0.467719  0.0435516  19.0552  0  0  0  0  0  0  0  0  0  0  0  0  0  0  0  0  0  0
49823  s  3.11949  0.148321  0.182414  28.1329  -0.417198  2.03783  28.0557  5.82045  -0.141583  -0.0172155  5.81775  D+  22.4888  0.404517  0.0554617  22.4073  0  0  0  0  0  0  0  0  0  0  0  0  0  0  0  0  0  0
50022  s  1.85612  0.0346016  0.0571847  10.0372  0.656202  0.327586  10.0098  9.91897  -0.0498796  -0.198437  9.9163  D0  33.1033  -0.355538  0.0965946  33.0487  0  0  0  0  0  0  0  0  0  0  0  0  0  0  0  0  0  0
50043  s  1.47454  0.0704224  0.143222  46.6427  -1.14768  0.535648  46.6254  0.913507  0.031383  -0.284572  0.861025  D+  10.3328  1.8804  -0.801059  9.95461  0  0  0  0  0  0  0  0  0  0  0  0  0  0  0  0  0  0
50122  s  1.74714  0.0341862  0.0593697  15.5134  -0.712488  0.483603  15.4891  0.827096  -0.0614389  0.184043  0.797043  Lambda_c+  43.6821  0.576112  0.439639  43.6162  0  0  0  0  0  0  0  0  0  0  0  0  0  0  0  0  0  0
50319  s  2.35828  0.076467  0.107342  33.2922  0.645764  1.73836  33.2404  9.16653  -0.847035  0.549246  9.11016  D0  18.5255  -1.36398  0.0406025  18.3808  0  0  0  0  0  0  0  0  0  0  0  0  0  0  0  0  0  0
50368  s  0.62055  0.00572726  0.0391894  27.2656  -0.385988  0.105215  27.2625  7.90599  0.263206  0.387927  7.89137  tau+  27.6683  1.62093  0.346555  27.5613  0  0  0  0  0  0  0  0  0  0  0  0  0  0  0  0  0  0
51029  s  2.42551  0.0520011  0.0718611  2.80713  0.15957  -0.472681  2.76042  20.9811  0.257631  0.505634  20.9731  D_s+  54.3652  0.091273  0.738943  54.3245  0  0  0  0  0  0  0  0  0  0  0  0  0  0  0  0  0  0
51283  s  1.05861  0.0326133  0.0980691  35.0111  -0.297064  0.776789  35.001  10.0015  -0.524971  -0.0890909  9.98676  D+  17.8441  -0.165958  -0.355926  17.7415  0  0  0  0  0  0  0  0  0  0  0  0  0  0  0  0  0  0
51516  s  2.13128  0.0438399  0.0655341  4.91812  0.487974  0.460253  4.87101  1.10451  -0.28676  0.0516915  1.06013  D0  18.3465  -0.46475  -0.388568  18.2414  0  0  0  0  0  0  0  0  0  0  0  0  0  0  0  0  0  0
51559  d  3.81471  0.158394  0.158207  14.1375  -1.27041  -1.27462  14.0221  2.36974  0.020223  0.0636987  2.36644  eta  12.946  0.775663  0.369163  12.9059  2.61587  0.182226  -0.0377483  2.6071  eta  12.946  0.775663  0.369163  12.9059  0  0  0  0  0  0  0  0  0
52241  s  2.45798  0.0972763  0.133407  29.9985  0.292085  -1.66704  29.9506  5.25447  -0.0971142  0.158736  5.25011  D0  26.2797  -0.110092  1.77194  26.1533  0  0  0  0  0  0  0  0  0  0  0  0  0  0  0  0  0  0
53080  s  0.444726  0.0017862  0.022106  4.08959  0.0442712  -0.0204014  4.08793  12.2936  -0.115919  0.110621  12.2921  D0  45.9634  0.00705023  -0.382284  45.924  0  0  0  0  0  0  0  0  0  0  0  0  0  0  0  0  0  0
53182  d  2.85216  0.0696771  0.069641  0.880199  -0.176436  -0.259186  0.815647  0.588297  -0.0272933  -0.0270512  0.577454  Sigmabar+  6.37022  -0.0751673  -0.600054  6.22737  0  0  0  0  0  0  0  0  0  0  0  0  0  0  0  0  0  0
53442  s  0.823827  0.0236124  0.101874  46.5552  -0.715611  -0.000435827  46.5496  0.632305  0.0137185  -0.0662129  0.619736  D0  8.88279  -0.228462  0.238109  8.67856  0  0  0  0  0  0  0  0  0  0  0  0  0  0  0  0  0  0
53569  s  1.58918  0.0226117  0.0427496  3.57718  -0.257648  -0.256638  3.55708  6.55441  0.228923  -0.382868  6.53836  D0  32.3673  -0.517835  0.529367  32.305  0  0  0  0  0  0  0  0  0  0  0  0  0  0  0  0  0  0
53583  s  2.33662  0.0505791  0.071396  5.57219  -0.681836  0.0722009  5.52883  10.707  0.449728  0.497332  10.6855  D0  34.9965  0.487566  -0.0647789  34.9433  0  0  0  0  0  0  0  0  0  0  0  0  0  0  0  0  0  0
53773  s  1.91686  0.0358542  0.0577942  8.48451  -0.0768105  -0.691141  8.4553  14.8581  0.389165  0.019461  14.8526  D+  36.6838  0.080218  0.294326  36.6348  0  0  0  0  0  0  0  0  0  0  0  0  0  0  0  0  0  0
54130  s  1.10297  0.0123597  0.0352158  10.6441  0.223745  0.381825  10.6344  11.2291  -0.816722  -0.111837  11.1983  D+  29.8834  -1.28624  0.89559  29.7837  0  0  0  0  0  0  0  0  0  0  0  0  0  0  0  0  0  0
54838  s  0.912367  0.00771053  0.0285503  5.55131  0.221798  0.114783  5.54469  6.32958  -0.278539  0.391249  6.31045  D_s+  35.8557  0.0831168  -0.0890406  35.8015  0  0  0  0  0  0  0  0  0  0  0  0  0  0  0  0  0  0
55104  s  2.37401  0.0964124  0.134806  31.9446  1.64858  -0.357862  31.8999  3.82774  0.00917297  0.43068  3.80195  Lambda_c+  24.7145  -1.09651  0.265174  24.5827  0  0  0  0  0  0  0  0  0  0  0  0  0  0  0  0  0  0
55245  s  1.58877  0.0299649  0.0566619  18.2053  0.304258  -0.792087  18.1852  5.08864  -0.0478169  -0.387662  5.07253  D0  30.2293  0.176144  0.569024  30.1658  0  0  0  0  0  0  0  0  0  0  0  0  0  0  0  0  0  0
55491  s  1.57423  0.021981  0.041931  3.01554  0.0049676  -0.327715  2.99582  7.23516  -0.49779  0.062626  7.21697  D+  23.5627  0.289876  0.148568  23.4862  0  0  0  0  0  0  0  0  0  0  0  0  0  0  0  0  0  0
56231  s  4.63991  0.188449  0.207852  2.21671  -0.751894  0.388725  2.04602  8.66995  0.0264219  0.080506  8.66889  D0  52.835  1.6663  -1.59094  52.7518  0  0  0  0  0  0  0  0  0  0  0  0  0  0  0  0  0  0
56386  cbar  3.32059  0.133891  0.133758  8.63521  -0.993179  0.932312  8.52643  0.333244  -0.0491805  0.153458  0.271882  D0  7.32135  0.0415417  0.187983  7.07724  0  0  0  0  0  0  0  0  0  0  0  0  0  0  0  0  0  0
56546  s  2.6959  0.120179  0.157243  30.8686  -1.53188  -1.09545  30.8109  0.450606  0.118647  0.0308856  0.420537  D+  25.6713  1.151  1.77623  25.5155  0  0  0  0  0  0  0  0  0  0  0  0  0  0  0  0  0  0
56850  s  3.48315  0.110013  0.130309  4.32793  -0.859311  0.272246  4.2317  6.37193  -0.201273  -0.268679  6.3622  D+  49.8986  1.39322  -0.783105  49.8379  0  0  0  0  0  0  0  0  0  0  0  0  0  0  0  0  0  0
57524  s  0.998062  0.0135556  0.0441697  23.9361  0.414388  0.446299  23.9281  0.759362  0.02583  0.0123147  0.75143  D+  26.9368  0.0367507  -0.481422  26.8675  0  0  0  0  0  0  0  0  0  0  0  0  0  0  0  0  0  0
57956  s  1.3998  0.0208706  0.0448292  9.11348  0.250757  0.501369  9.09561  17.8672  0.333678  0.700036  17.85  Lambda_c+  38.9247  0.247913  1.26702  38.836  0  0  0  0  0  0  0  0  0  0  0  0  0  0  0  0  0  0
57965  s  1.49804  0.050552  0.101198  43.0751  -0.939926  -0.82156  43.0569  7.84233  0.473387  0.298821  7.82161  D0  15.7076  0.468755  0.43756  15.5833  0  0  0  0  0  0  0  0  0  0  0  0  0  0  0  0  0  0
58024  s  0.865862  0.0075269  0.0301144  10.0168  0.291272  0.157335  10.0108  13.1088  0.456764  -0.461406  13.0923  D0  32.1633  -0.363131  -0.727352  32.0989  0  0  0  0  0  0  0  0  0  0  0  0  0  0  0  0  0  0
58407  s  3.31797  0.198796  0.239072  35.3859  1.17679  -2.36874  35.2867  2.83766  0.27064  0.175276  2.8173  D+  17.3133  -0.383738  1.85561  17.1074  0  0  0  0  0  0  0  0  0  0  0  0  0  0  0  0  0  0
58536  s  0.441818  0.0018873  0.0236408  7.9785  0.119612  -0.0249312  7.97686  6.17962  0.400391  -0.352532  6.15564  D0  41.8024  0.280975  -0.694379  41.7541  0  0  0  0  0  0  0  0  0  0  0  0  0  0  0  0  0  0
58774  s  1.74281  0.0404231  0.0703461  23.0541  0.920868  -0.504128  23.03  11.213  0.124556  -0.44422  11.203  D+  31.0052  -0.718363  -0.438496  30.9373  0  0  0  0  0  0  0  0  0  0  0  0  0  0  0  0  0  0
59328  s  2.60449  0.0576592  0.0767514  0.402902  -0.159552  0.0621847  0.349059  19.629  0.168486  0.0819089  19.6278  D+  43.6761  -0.155914  -0.699232  43.6302  0  0  0  0  0  0  0  0  0  0  0  0  0  0  0  0  0  0
59432  s  2.8286  0.0927343  0.118731  27.0887  0.769429  -1.78107  27.0189  3.07931  0.207474  0.236901  3.06134  D0  20.5113  0.22612  0.958859  20.4026  0  0  0  0  0  0  0  0  0  0  0  0  0  0  0  0  0  0
59693  s  0.892667  0.0165314  0.0632017  37.409  0.339435  0.593841  37.4025  4.4176  0.181164  -0.23654  4.40627  D_s+  19.5169  0.305421  -0.331362  19.4122  0  0  0  0  0  0  0  0  0  0  0  0  0  0  0  0  0  0
60441  s  0.771766  0.00955431  0.0456429  29.8727  0.23461  0.470089  29.8679  5.29225  0.284044  -0.145126  5.28157  D0  26.0794  -0.878214  0.747984  25.9871  0  0  0  0  0  0  0  0  0  0  0  0  0  0  0  0  0  0
60658  s  0.95876  0.0106188  0.0366078  16.9656  -0.0768431  0.482747  16.9582  19.7855  0.425011  -0.346733  19.7776  D+  27.3009  0.808132  -0.656113  27.2169  0  0  0  0  0  0  0  0  0  0  0  0  0  0  0  0  0  0
60728  s  2.81562  0.0808279  0.103706  10.8286  -0.399575  1.08982  10.7657  8.75801  0.407584  0.0496616  8.74775  D+  35.2878  1.45126  -0.43423  35.2057  0  0  0  0  0  0  0  0  0  0  0  0  0  0  0  0  0  0
61366  s  1.71357  0.0711211  0.125552  41.0944  -1.05326  0.893671  41.0711  1.70464  0.321351  0.150906  1.66391  D+  15.8756  0.0664509  -0.310483  15.762  0  0  0  0  0  0  0  0  0  0  0  0  0  0  0  0  0  0
61397  s  0.933713  0.0078514  0.0281127  3.92314  -0.179341  0.107358  3.91614  11.0749  -0.0214557  0.375539  11.068  D+  47.9224  -0.305147  0.448309  47.8829  0  0  0  0  0  0  0  0  0  0  0  0  0  0  0  0  0  0
61451  s  1.45557  0.0186675  0.0384868  5.02111  -0.159706  0.388161  5.00242  1.42727  0.0917049  0.197808  1.40656  D+  26.5456  -0.140549  0.32986  26.4773  0  0  0  0  0  0  0  0  0  0  0  0  0  0  0  0  0  0
61530  s  0.926784  0.0327252  0.118421  49.109  0.731763  0.361284  49.1021  4.74626  0.205624  -0.456621  4.71859  D+  9.40901  -0.709656  -0.0347108  9.19397  0  0  0  0  0  0  0  0  0  0  0  0  0  0  0  0  0  0
61871  s  3.6744  0.146434  0.170652  23.4646  0.0445412  2.90948  23.2833  0.36611  -0.0484146  0.131797  0.321182  D0  13.9571  -0.120072  -1.33093  13.7673  0  0  0  0  0  0  0  0  0  0  0  0  0  0  0  0  0  0
62025  s  1.88593  0.0480633  0.0784402  23.6611  -0.773293  0.853244  23.6329  3.95037  0.0652999  -0.116536  3.94669  D0  28.5705  1.01589  -1.02028  28.4732  0  0  0  0  0  0  0  0  0  0  0  0  0  0  0  0  0  0
62144  s  1.08418  0.06766  0.197072  53.8378  0.370148  0.929646  53.8284  1.55629  -0.53138  0.0216871  1.45878  D0  6.70111  -0.133351  -0.506624  6.41504  0  0  0  0  0  0  0  0  0  0  0  0  0  0  0  0  0  0
62392  d  1.10423  0.0165464  0.0165443  23.8262  -0.419507  -0.526697  23.8165  0.307732  0.0625787  -0.00606906  0.282103  Lambda0  2.43013  0.401426  -0.220193  2.10978  0  0  0  0  0  0  0  0  0  0  0  0  0  0  0  0  0  0
62589  s  2.58932  0.076111  0.101596  16.1533  -0.997238  0.84311  16.1  25.3504  -0.124077  -1.42436  25.3098  D_s+  41.2471  -0.406626  -2.13311  41.1429  0  0  0  0  0  0  0  0  0  0  0  0  0  0  0  0  0  0
62825  s  1.76312  0.03005  0.0517886  7.96924  -0.589242  -0.187234  7.94452  15.6294  0.769458  -0.279091  15.6076  D+  36.6236  0.656377  -0.345941  36.5684  0  0  0  0  0  0  0  0  0  0  0  0  0  0  0  0  0  0
62972  s  2.46935  0.0594007  0.0812832  19.5206  -0.554658  -1.52181  19.453  4.23464  -0.224738  0.561653  4.18987  D+  24.7948  -0.430971  0.594839  24.7133  0  0  0  0  0  0  0  0  0  0  0  0  0  0  0  0  0  0
63301  s  1.0527  0.0108439  0.0328584  8.63756  -0.150278  0.345554  8.62869  1.19036  0.211887  0.0139024  1.16649  Lambda_c+  52.7187  -0.232935  -0.220521  52.6681  0  0  0  0  0  0  0  0  0  0  0  0  0  0  0  0  0  0
63519  s  1.28661  0.0593307  0.139912  48.2277  -0.0189706  -1.12344  48.2145  3.44698  -0.398177  0.160151  3.41852  Lambda_c+  12.8269  -0.679946  0.528133  12.5921  0  0  0  0  0  0  0  0  0  0  0  0  0  0  0  0  0  0
63933  s  0.745487  0.00615433  0.0310692  14.9741  0.265539  0.229885  14.9696  5.53254  0.0930805  0.274637  5.52393  Lambda_c+  44.5971  0.287301  -0.521348  44.5345  0  0  0  0  0  0  0  0  0  0  0  0  0  0  0  0  0  0
64191  s  2.57055  0.0746534  0.100018  15.9282  -0.805579  -1.00401  15.8758  2.27666  -0.213612  -0.0152274  2.2641  D0  33.611  0.350867  0.568113  33.5526  0  0  0  0  0  0  0  0  0  0  0  0  0  0  0  0  0  0
64903  s  4.76454  0.260108  0.285336  16.5881  -2.00288  1.38404  16.4081  4.64867  0.28621  0.575757  4.60278  D0  38.6906  2.32362  0.742253  38.5686  0  0  0  0  0  0  0  0  0  0  0  0  0  0  0  0  0  0
64913  s  1.49156  0.0332146  0.0667897  36.8388  0.00332359  1.23556  36.8179  1.93525  -0.278532  -0.231337  1.89814  D+  16.5097  0.280567  0.162903  16.4003  0  0  0  0  0  0  0  0  0  0  0  0  0  0  0  0  0  0
65391  s  0.530887  0.00272811  0.0245067  8.04246  -0.159001  0.0299468  8.04014  7.65249  0.196242  0.32214  7.64246  D_s+  35.961  -0.71496  0.0350783  35.9  0  0  0  0  0  0  0  0  0  0  0  0  0  0  0  0  0  0
65975  s  1.85458  0.0509945  0.0843215  30.9196  -0.0157868  1.43261  30.8862  5.92398  0.165897  -0.473954  5.90171  D0  13.5764  -0.339018  -1.03993  13.4031  0  0  0  0  0  0  0  0  0  0  0  0  0  0  0  0  0  0
66095  s  3.87245  0.144452  0.165948  2.65103  -0.0411128  0.807561  2.52249  4.59295  0.141186  0.204642  4.585  D+  36.5819  -0.166084  -1.15623  36.5154  0  0  0  0  0  0  0  0  0  0  0  0  0  0  0  0  0  0
66130  s  2.1698  0.0747588  0.110425  29.5361  -1.41799  0.431108  29.4987  11.8203  0.657813  0.372912  11.7956  D+  21.0156  1.50681  -0.0225552  20.8779  0  0  0  0  0  0  0  0  0  0  0  0  0  0  0  0  0  0
66313  s  1.70655  0.0271882  0.0481836  19.1877  -0.901196  0.579187  19.1575  14.1446  -0.0493291  0.0421988  14.144  D+  21.8419  0.325675  0.763717  21.7459  0  0  0  0  0  0  0  0  0  0  0  0  0  0  0  0  0  0
66537  cbar  1.99514  0.153545  0.15337  45.5418  -0.711355  -1.60697  45.5078  1.86977  -0.0610637  0.487257  1.80103  Lambda_c+  4.25287  0.262912  -0.504551  3.54052  0  0  0  0  0  0  0  0  0  0  0  0  0  0  0  0  0  0
66993  s  2.94681  0.123866  0.155816  22.6859  0.587524  -1.69912  22.6143  16.4406  -0.344738  0.752698  16.4194  D+  31.218  0.582877  0.858742  31.1447  0  0  0  0  0  0  0  0  0  0  0  0  0  0  0  0  0  0
67355  s  1.93519  0.0522135  0.0835512  28.4107  -0.851437  -1.0396  28.3787  6.10242  -0.0477285  -0.122364  6.10009  D+  24.9202  1.21649  0.871355  24.8049  0  0  0  0  0  0  0  0  0  0  0  0  0  0  0  0  0  0
67440  s  0.516659  0.00258542  0.0243774  8.07611  -0.12556  0.09307  8.0739  8.25439  -0.276338  0.241511  8.24555  D+  45.9087  0.160325  0.00383512  45.8704  0  0  0  0  0  0  0  0  0  0  0  0  0  0  0  0  0  0
67847  s  0.329599  0.00130516  0.0283365  18.7399  -0.109303  -0.111666  18.739  0.715784  -0.0476383  -0.0689157  0.702968  D0  28.2626  -0.343681  -0.553003  28.1935  0  0  0  0  0  0  0  0  0  0  0  0  0  0  0  0  0  0
67863  s  1.954  0.0326113  0.0518163  0.704399  0.167305  -0.0517142  0.674054  6.12858  -0.198962  -0.255273  6.11911  D0  46.3603  0.55461  -0.0851258  46.3194  0  0  0  0  0  0  0  0  0  0  0  0  0  0  0  0  0  0
68980  s  2.6393  0.0616175  0.0814827  15.2858  0.173327  -1.86082  15.1707  0.878629  -0.158905  0.0221989  0.857369  D0  12.1441  1.32016  0.713294  11.9059  0  0  0  0  0  0  0  0  0  0  0  0  0  0  0  0  0  0
69289  s  2.06395  0.0464396  0.0709436  14.2133  -0.54472  -0.808145  14.1795  18.4639  0.52427  0.369428  18.4524  D+  31.9256  0.587503  0.727275  31.8571  0  0  0  0  0  0  0  0  0  0  0  0  0  0  0  0  0  0
69461  s  1.53129  0.0264255  0.0517719  15.8098  0.677594  0.345967  15.7911  23.1603  0.267182  0.546442  23.1521  D0  32.8896  -0.0317787  0.478884  32.8332  0  0  0  0  0  0  0  0  0  0  0  0  0  0  0  0  0  0
69696  s  1.66102  0.0381043  0.0691595  24.511  1.03139  -0.0268499  24.4891  19.9388  -0.552372  0.785713  19.9154  D0  32.7645  -0.38257  0.70162  32.7017  0  0  0  0  0  0  0  0  0  0  0  0  0  0  0  0  0  0
70456  s  2.8332  0.159063  0.203407  36.2035  -1.18417  -1.78738  36.1398  0.87927  0.128485  0.0557816  0.861587  D0  20.4784  0.62102  1.47796  20.3302  0  0  0  0  0  0  0  0  0  0  0  0  0  0  0  0  0  0
70588  s  2.79621  0.0747625  0.0962232  7.36462  0.755527  0.572791  7.30257  7.30997  -0.23224  -0.211197  7.30246  D0  51.3405  0.552972  0.293838  51.3028  0  0  0  0  0  0  0  0  0  0  0  0  0  0  0  0  0  0
70811  s  1.00144  0.0105048  0.0340702  12.2214  -0.231634  0.362673  12.2133  14.1069  0.693563  0.266181  14.087  D+  39.9233  1.10906  -1.02086  39.851  0  0  0  0  0  0  0  0  0  0  0  0  0  0  0  0  0  0
71049  s  0.529129  0.00258348  0.0233447  5.34465  -0.0158087  0.115076  5.34235  11.076  0.045498  -0.825471  11.0446  D0  41.911  -0.349556  -0.81271  41.8602  0  0  0  0  0  0  0  0  0  0  0  0  0  0  0  0  0  0
71581  s  0.659705  0.00703276  0.0433891  30.1184  0.421042  -0.156913  30.1149  9.03037  0.189682  0.0491183  9.02763  D0  25.9625  -0.122582  -0.24764  25.8939  0  0  0  0  0  0  0  0  0  0  0  0  0  0  0  0  0  0
72087  d  6.26971  0.375701  0.374654  9.67012  0.635343  2.3672  9.35375  2.05151  -0.100395  -0.0229606  2.0462  eta  6.62822  -0.189026  -0.557502  6.57926  3.71938  -0.0782772  -0.318943  3.70334  eta  6.62822  -0.189026  -0.557502  6.57926  0  0  0  0  0  0  0  0  0
72611  d  4.38212  0.186165  0.185908  8.12775  0.690929  1.4012  7.97549  2.68871  -0.0217464  -0.208616  2.67843  eta  13.2521  -0.491418  -0.417032  13.2251  2.80744  -0.106372  -0.149833  2.79943  eta  13.2521  -0.491418  -0.417032  13.2251  0  0  0  0  0  0  0  0  0
72824  s  2.04274  0.0406055  0.0624814  22.0217  -1.18322  -1.14916  21.9596  9.47131  0.389499  0.033989  9.46264  D+  22.3575  0.600541  -0.528021  22.2648  0  0  0  0  0  0  0  0  0  0  0  0  0  0  0  0  0  0
72838  s  0.842914  0.00780048  0.0325009  14.5573  -0.303351  0.25156  14.5516  16.2348  0.948523  -0.329761  16.2034  tau+  37.0093  0.532684  -1.58891  36.9286  0  0  0  0  0  0  0  0  0  0  0  0  0  0  0  0  0  0
73486  s  1.8105  0.0473168  0.0797676  21.8588  1.10875  0.149635  21.8298  5.41344  -0.4999  0.531784  5.36297  D+  23.8068  -0.599493  -0.11944  23.7254  0  0  0  0  0  0  0  0  0  0  0  0  0  0  0  0  0  0
73643  s  2.06511  0.0409408  0.0625216  4.5171  -0.656882  -0.187412  4.4639  0.291094  0.0236379  -0.0325525  0.268241  D+  26.7896  0.282678  -0.877456  26.7084  0  0  0  0  0  0  0  0  0  0  0  0  0  0  0  0  0  0
73701  s  1.58682  0.0406076  0.0768696  30.0518  0.175833  1.07802  30.0317  3.00695  -0.269533  -0.00113327  2.99298  D+  21.7467  0.640505  -0.99363  21.6339  0  0  0  0  0  0  0  0  0  0  0  0  0  0  0  0  0  0
73766  s  3.27287  0.140496  0.16983  22.4669  -0.50372  1.88309  22.3819  8.13061  0.697623  -0.718624  8.068  D+  15.4839  0.680694  -1.44132  15.2877  0  0  0  0  0  0  0  0  0  0  0  0  0  0  0  0  0  0
73903  s  0.386987  0.00146295  0.0234423  8.54455  0.0963317  0.0367021  8.54328  21.488  -0.357063  0.112546  21.4845  D+  44.172  -0.420294  0.719152  44.1245  0  0  0  0  0  0  0  0  0  0  0  0  0  0  0  0  0  0
73972  d  3.08548  0.0847747  0.0847212  2.06231  -0.282906  -0.18335  2.03183  8.01229  0.616501  0.838927  7.94366  mu-  10.503  0.723962  1.03673  10.4261  0.815937  0.318306  -0.118052  0.734394  mu+  1.02334  0.360293  -0.0361014  0.951289  0  0  0  0  0  0  0  0  0
73998  s  3.02122  0.0997764  0.124279  12.1033  0.600675  1.35662  12.0116  0.940467  -0.141163  -0.191543  0.903714  D0  21.8743  -1.85238  -0.616875  21.707  0  0  0  0  0  0  0  0  0  0  0  0  0  0  0  0  0  0
74059  s  2.51787  0.0689132  0.0933231  17.5184  -0.305492  1.60825  17.4415  3.53493  -0.145393  -0.250423  3.52146  D_s+  15.4136  -0.515714  -0.531751  15.2694  0  0  0  0  0  0  0  0  0  0  0  0  0  0  0  0  0  0
74321  s  3.44257  0.200183  0.237834  31.5436  2.08193  -1.25499  31.4497  3.41836  -0.190943  -0.235873  3.40322  D0  26.2125  -2.09744  1.6268  26.011  0  0  0  0  0  0  0  0  0  0  0  0  0  0  0  0  0  0
74334  s  5.1507  0.233281  0.252627  3.85513  -0.895714  0.967526  3.62111  7.93715  -0.223251  0.164493  7.9316  D_s+  31.9922  0.109396  0.0862247  31.9313  0  0  0  0  0  0  0  0  0  0  0  0  0  0  0  0  0  0
75173  s  0.961983  0.0116687  0.0400359  20.8335  -0.520298  -0.165278  20.8261  5.80609  -0.0904743  0.523805  5.78074  D+  32.2692  1.33494  1.23441  32.1637  0  0  0  0  0  0  0  0  0  0  0  0  0  0  0  0  0  0
75395  s  3.25781  0.107279  0.129918  10.3381  -0.326098  1.26813  10.2543  5.17076  0.080325  -0.521023  5.14273  Lambda_c+  48.0101  -0.505432  -1.77273  47.9202  0  0  0  0  0  0  0  0  0  0  0  0  0  0  0  0  0  0
75643  s  1.15577  0.0214891  0.0576754  29.9698  -0.676314  -0.413667  29.9592  22.3768  1.23523  -0.00700798  22.3424  D0  29.7939  0.914076  -0.02334  29.7214  0  0  0  0  0  0  0  0  0  0  0  0  0  0  0  0  0  0
75678  s  2.35285  0.0558378  0.0784998  10.2634  0.934873  0.123376  10.2195  15.1074  0.150027  -0.419491  15.1005  D+  33.8435  -0.264228  0.115583  33.7906  0  0  0  0  0  0  0  0  0  0  0  0  0  0  0  0  0  0
75970  s  0.680265  0.00433806  0.0254294  6.24957  0.118854  0.147096  6.24581  22.7312  -0.388368  0.251135  22.7263  D+  49.4962  -1.06031  -0.484496  49.4471  0  0  0  0  0  0  0  0  0  0  0  0  0  0  0  0  0  0
76062  s  1.49037  0.0254567  0.0512338  16.5987  -0.736187  0.183905  16.581  1.67916  0.0299011  0.289221  1.65041  Lambda_c+  40.707  0.809666  0.333596  40.6333  0  0  0  0  0  0  0  0  0  0  0  0  0  0  0  0  0  0
76478  s  2.495  0.144885  0.19704  46.7763  -0.639592  -2.21356  46.7194  1.62937  -0.173538  0.00200834  1.61665  D0  8.7837  0.613692  1.16771  8.48148  0  0  0  0  0  0  0  0  0  0  0  0  0  0  0  0  0  0
77160  s  3.06876  0.261111  0.322868  38.0724  -2.3842  0.720283  37.9907  9.19941  1.49787  0.0570635  9.07585  D+  14.6613  2.05221  -0.629481  14.3823  0  0  0  0  0  0  0  0  0  0  0  0  0  0  0  0  0  0
77304  s  2.1657  0.0462656  0.0684366  9.07285  -0.720712  0.379554  9.03559  7.44161  0.631608  0.307928  7.40761  D+  45.9932  0.458948  0.48012  45.9504  0  0  0  0  0  0  0  0  0  0  0  0  0  0  0  0  0  0
77543  s  2.0893  0.110544  0.167385  28.8545  -1.3507  -0.737625  28.8133  3.52944  0.475307  -0.184208  3.49084  D_s+  20.6335  1.76993  0.904328  20.443  0  0  0  0  0  0  0  0  0  0  0  0  0  0  0  0  0  0
77594  s  2.12825  0.124574  0.186283  32.3916  -1.55683  -0.349603  32.3521  1.07405  0.152084  -0.000597479  1.05796  D0  20.9605  1.70466  0.627487  20.7982  0  0  0  0  0  0  0  0  0  0  0  0  0  0  0  0  0  0
77909  s  2.51602  0.06009  0.0814113  6.91905  -0.650027  -0.506457  6.86899  3.5183  0.312518  0.128406  3.50044  D0  47.263  1.01902  0.839393  47.2077  0  0  0  0  0  0  0  0  0  0  0  0  0  0  0  0  0  0
77991  d  3.44745  0.408303  0.407066  47.5842  1.85038  2.35108  47.4899  1.56336  -0.167972  0.037356  1.55026  omega  7.23925  -1.12396  -0.735397  7.06937  3.669  -0.708321  -0.321632  3.58402  omega  7.23925  -1.12396  -0.735397  7.06937  0  0  0  0  0  0  0  0  0
78095  s  2.28052  0.057168  0.0818656  14.6166  0.0217629  -1.09272  14.5753  3.70087  -0.286142  0.203338  3.68266  D0  34.8825  -0.0428447  0.41582  34.8301  0  0  0  0  0  0  0  0  0  0  0  0  0  0  0  0  0  0
78528  s  1.99939  0.0618186  0.0965682  35.3762  -0.75945  1.33872  35.3425  8.19172  0.368223  0.0957659  8.1822  D+  17.3099  0.371449  -1.13192  17.1674  0  0  0  0  0  0  0  0  0  0  0  0  0  0  0  0  0  0
78977  s  2.13648  0.0564044  0.0841723  19.9709  -0.449156  1.11089  19.9346  4.94438  0.714717  0.00817879  4.89131  Lambda_c+  35.4681  1.96595  -0.999222  35.3256  0  0  0  0  0  0  0  0  0  0  0  0  0  0  0  0  0  0
79118  s  2.33156  0.0898101  0.126897  42.0327  -2.14998  -0.557289  41.9738  0.979749  -0.264264  -0.273002  0.896871  D+  6.36799  -0.148024  0.311023  6.07759  0  0  0  0  0  0  0  0  0  0  0  0  0  0  0  0  0  0
79527  s  5.47129  0.256597  0.275358  0.92739  -0.362561  0.491145  0.690083  5.35017  0.400709  -0.225709  5.32932  D+  40.68  -0.0559506  -1.43637  40.6115  0  0  0  0  0  0  0  0  0  0  0  0  0  0  0  0  0  0
79631  s  1.59182  0.0230236  0.0434602  6.15892  0.119486  -0.60726  6.12683  6.19392  -0.120207  0.399673  6.17894  D0  24.4759  -0.951304  -0.0343171  24.3862  0  0  0  0  0  0  0  0  0  0  0  0  0  0  0  0  0  0
79787  s  2.04839  0.0488024  0.0749448  17.279  0.054271  -1.06625  17.2457  3.59114  -0.3336  0.0360468  3.57387  D+  27.9152  -0.820519  1.69054  27.7891  0  0  0  0  0  0  0  0  0  0  0  0  0  0  0  0  0  0
79900  s  3.81036  0.131273  0.151469  4.97263  1.07913  0.162041  4.85027  1.5397  -0.309471  -0.0131944  1.50452  D+  35.5224  -1.26504  -0.297605  35.4494  0  0  0  0  0  0  0  0  0  0  0  0  0  0  0  0  0  0
79913  cbar  2.18457  0.138797  0.138654  40.8596  1.75288  -0.643738  40.8167  0.383165  -0.254113  0.17125  0.204331  D0  5.15971  0.555534  0.206943  4.77425  0  0  0  0  0  0  0  0  0  0  0  0  0  0  0  0  0  0
80087  s  2.27794  0.16725  0.239472  46.5624  1.72158  -0.927812  46.5212  1.73372  0.395553  -0.211122  1.6714  D+  12.0557  -0.0350078  0.962809  11.8709  0  0  0  0  0  0  0  0  0  0  0  0  0  0  0  0  0  0
80275  s  2.47462  0.165653  0.226238  43.396  1.3777  1.51918  43.3474  1.95283  -0.244857  0.266901  1.91603  Lambda_c+  17.8459  -2.38213  -1.79369  17.4458  0  0  0  0  0  0  0  0  0  0  0  0  0  0  0  0  0  0
80361  s  1.78988  0.0380409  0.0647395  18.2169  -0.119346  0.949774  18.1914  1.36202  -0.137312  0.0810129  1.34852  Lambda_c+  44.3268  -0.0252436  -0.630239  44.2633  0  0  0  0  0  0  0  0  0  0  0  0  0  0  0  0  0  0
80592  s  0.814376  0.0141532  0.0621629  38.1248  0.530548  -0.338831  38.1194  8.58835  0.017703  0.114101  8.58693  Lambda_c+  23.3995  -0.218772  0.640795  23.2777  0  0  0  0  0  0  0  0  0  0  0  0  0  0  0  0  0  0
80666  s  1.79064  0.0714825  0.121579  39.1922  0.690575  1.22877  39.1668  8.56857  0.247996  -0.213928  8.56165  D+  17.6193  0.437171  -1.37151  17.4606  0  0  0  0  0  0  0  0  0  0  0  0  0  0  0  0  0  0
80904  s  1.38138  0.0202449  0.0441093  12.8671  -0.482048  -0.384253  12.8519  12.7795  -0.0347789  0.387607  12.7731  D_s+  33.6912  -0.439604  0.312736  33.6293  0  0  0  0  0  0  0  0  0  0  0  0  0  0  0  0  0  0
82191  s  3.37442  0.0991399  0.118642  1.89019  -0.228838  0.519387  1.79987  8.62362  0.207638  -0.480387  8.60708  D0  41.0861  0.77133  -0.869026  41.0273  0  0  0  0  0  0  0  0  0  0  0  0  0  0  0  0  0  0
82246  s  1.50938  0.0205433  0.0408257  3.99817  0.353573  -0.0925453  3.98003  1.37093  0.0328048  -0.111903  1.36187  D+  40.209  -0.393098  0.258757  40.1627  0  0  0  0  0  0  0  0  0  0  0  0  0  0  0  0  0  0
83056  s  2.29163  0.0713898  0.101922  23.895  -0.4652  -1.32806  23.8533  7.98611  -0.307715  -0.146687  7.97813  D+  22.3689  -0.26578  1.42473  22.2435  0  0  0  0  0  0  0  0  0  0  0  0  0  0  0  0  0  0
83417  s  2.47679  0.0766299  0.104676  20.4356  1.24523  0.652948  20.3869  6.21989  -0.325563  0.0924449  6.20977  D+  29.904  -0.165033  0.307655  29.8435  0  0  0  0  0  0  0  0  0  0  0  0  0  0  0  0  0  0
84045  s  3.05842  0.0807855  0.100157  3.95446  -0.890915  -0.378609  3.83269  12.367  -0.693479  0.268452  12.3442  D+  20.6544  -0.558327  0.0997281  20.5618  0  0  0  0  0  0  0  0  0  0  0  0  0  0  0  0  0  0
84257  cbar  1.58416  0.0603545  0.0603273  38.9955  0.134032  -1.31856  38.9728  3.59218  0.280369  0.632621  3.52332  D+  6.56112  -0.191533  0.262487  6.2807  0  0  0  0  0  0  0  0  0  0  0  0  0  0  0  0  0  0
84378  s  1.33785  0.0430237  0.097077  40.9265  0.557212  -0.919978  40.9122  6.87183  -0.206926  -0.106812  6.86707  D_s+  18.0958  -0.864476  -0.129761  17.9672  0  0  0  0  0  0  0  0  0  0  0  0  0  0  0  0  0  0
84938  s  1.27116  0.0392044  0.0937674  30.3448  -0.616158  -0.705666  30.3302  15.6934  0.890987  0.718902  15.6512  D0  18.8772  1.06607  0.728639  18.7405  0  0  0  0  0  0  0  0  0  0  0  0  0  0  0  0  0  0
85079  s  0.787599  0.0201019  0.0930016  46.6515  0.462739  0.491511  46.6465  0.49336  -0.115954  -0.00719452  0.4677  D+  14.0934  -0.939861  -0.787973  13.9149  0  0  0  0  0  0  0  0  0  0  0  0  0  0  0  0  0  0
85618  s  1.60345  0.0615005  0.115269  40.818  1.11477  -0.645121  40.7976  1.75409  0.118658  0.250859  1.72878  D+  17.2927  -1.58412  0.667944  17.1051  0  0  0  0  0  0  0  0  0  0  0  0  0  0  0  0  0  0
85703  s  0.582254  0.00335066  0.0255876  9.17743  -0.104169  0.170036  9.17465  5.96594  -0.0384118  0.151607  5.96295  D0  42.5969  -0.0779254  -0.487519  42.5532  0  0  0  0  0  0  0  0  0  0  0  0  0  0  0  0  0  0
85883  s  2.90198  0.0891447  0.112887  11.4333  1.24062  -0.195346  11.3636  7.42255  -0.283003  0.340004  7.40861  D_s+  41.573  -0.900162  -1.02429  41.504  0  0  0  0  0  0  0  0  0  0  0  0  0  0  0  0  0  0
85997  s  0.90592  0.0182368  0.0682251  34.4223  0.0303011  0.67488  34.4156  3.05098  -0.389009  -0.0135202  3.0242  D0  19.2532  -0.633686  -0.944823  19.1288  0  0  0  0  0  0  0  0  0  0  0  0  0  0  0  0  0  0
86140  s  1.9617  0.221818  0.35093  51.0356  -1.7139  -0.560451  51.0036  1.68889  -0.19219  0.284106  1.65031  D+  5.66718  0.725568  1.01444  5.20249  0  0  0  0  0  0  0  0  0  0  0  0  0  0  0  0  0  0
86369  s  2.70187  0.0660841  0.0864096  4.2284  0.20686  0.657768  4.17047  0.831718  0.00517697  0.153484  0.81056  Lambda_c+  42.6266  -0.424891  0.208226  42.5626  0  0  0  0  0  0  0  0  0  0  0  0  0  0  0  0  0  0
86668  s  1.29838  0.0187692  0.0438141  15.2329  0.0674672  -0.627528  15.2195  6.72358  -0.209515  0.0219987  6.71944  D+  14.8808  0.161632  0.530126  14.7525  0  0  0  0  0  0  0  0  0  0  0  0  0  0  0  0  0  0
86959  cbar  4.21705  0.301347  0.300673  30.5146  -1.66606  -2.65997  30.3525  3.14608  0.776274  -0.319555  3.03017  Lambda_c+  7.91481  0.787217  -0.246214  7.53233  0  0  0  0  0  0  0  0  0  0  0  0  0  0  0  0  0  0
87015  d  3.66992  0.221104  0.220741  30.635  -2.54864  -0.16313  30.5282  5.56964  -0.0631713  -0.432664  5.55145  rho0  6.11737  0.181329  -0.355651  6.02382  0.54773  0.2445  0.0770133  0.47237  rho0  6.11737  0.181329  -0.355651  6.02382  0  0  0  0  0  0  0  0  0
87353  s  1.48924  0.019505  0.0392873  2.50272  0.256695  0.105099  2.48506  5.16801  0.353835  0.167526  5.15208  D+  42.1715  0.171665  0.204692  42.1291  0  0  0  0  0  0  0  0  0  0  0  0  0  0  0  0  0  0
87436  s  0.77286  0.00601955  0.0286931  12.5048  -0.401429  0.0289258  12.4978  3.74258  0.104255  -0.196086  3.73449  D+  36.2245  0.00340982  -1.19896  36.1563  0  0  0  0  0  0  0  0  0  0  0  0  0  0  0  0  0  0
87691  s  1.68225  0.0246647  0.0442667  1.95317  -0.174559  0.214026  1.93066  12.9947  -0.4304  -0.252056  12.9847  D0  41.6658  0.130607  -0.0840546  41.6237  0  0  0  0  0  0  0  0  0  0  0  0  0  0  0  0  0  0
87967  s  1.64314  0.0270645  0.0496091  10.0378  -0.659215  -0.0236206  10.0156  14.2866  -0.166229  0.135548  14.2846  Lambda_c+  45.1961  -0.155764  -0.636728  45.1335  0  0  0  0  0  0  0  0  0  0  0  0  0  0  0  0  0  0
88091  s  3.00776  0.187263  0.233513  37.3518  -2.27489  0.413092  37.2801  4.74602  0.592798  -0.82647  4.63456  D+  14.4827  1.88523  -1.46934  14.1612  0  0  0  0  0  0  0  0  0  0  0  0  0  0  0  0  0  0
89914  s  1.06977  0.0101323  0.0300511  0.695269  -0.0578246  -0.0574351  0.682343  0.619618  0.0765871  0.0258361  0.605169  D0  29.5231  -0.412213  0.678734  29.4534  0  0  0  0  0  0  0  0  0  0  0  0  0  0  0  0  0  0
90246  s  2.80341  0.0669533  0.0860786  0.355878  0.122922  0.142395  0.283017  11.4802  0.222852  0.0360616  11.4775  D0  24.5956  0.431516  0.113232  24.5207  0  0  0  0  0  0  0  0  0  0  0  0  0  0  0  0  0  0
90305  s  1.88341  0.0891351  0.145576  41.8885  1.4015  0.621467  41.8603  1.81885  -0.34724  0.250813  1.76453  D+  10.9997  -0.509395  -0.0817642  10.8273  0  0  0  0  0  0  0  0  0  0  0  0  0  0  0  0  0  0
90674  s  2.44199  0.0876237  0.120606  26.8292  0.335154  1.55393  26.7819  1.91218  0.0712615  0.239409  1.89285  D+  19.2451  -0.0909125  0.156481  19.1533  0  0  0  0  0  0  0  0  0  0  0  0  0  0  0  0  0  0
90978  s  2.05596  0.0467458  0.0716033  24.4487  -1.18858  -0.873757  24.4039  10.6347  0.381931  -0.199201  10.6254  D+  18.8418  0.260321  -0.506577  18.7401  0  0  0  0  0  0  0  0  0  0  0  0  0  0  0  0  0  0
91739  s  1.34221  0.0179598  0.0403853  3.63955  0.351579  0.0930858  3.61979  4.54364  -0.15238  -0.384016  4.52358  D+  27.7934  -0.30802  -0.665007  27.7208  0  0  0  0  0  0  0  0  0  0  0  0  0  0  0  0  0  0
91803  s  4.09696  0.262402  0.296996  29.008  -1.31019  2.44469  28.8749  7.24911  -0.535102  -0.427253  7.21593  D+  24.0286  -0.310174  -2.05226  23.8657  0  0  0  0  0  0  0  0  0  0  0  0  0  0  0  0  0  0
91991  s  1.01343  0.0123236  0.0393178  18.6249  0.313148  0.439155  18.6168  7.18979  0.182238  0.158735  7.18495  D+  34.0644  0.496737  0.155992  34.0091  0  0  0  0  0  0  0  0  0  0  0  0  0  0  0  0  0  0
92106  s  1.96233  0.146808  0.232334  40.6435  1.33264  -0.957403  40.6103  0.63546  -0.282886  0.143019  0.540524  Lambda_c+  16.7096  -1.28587  1.66035  16.4187  0  0  0  0  0  0  0  0  0  0  0  0  0  0  0  0  0  0
92278  s  2.52837  0.0633074  0.0855491  9.28502  -0.853212  -0.447954  9.23427  4.76241  -0.0325805  0.292627  4.75213  D0  24.1741  0.635879  0.681551  24.084  0  0  0  0  0  0  0  0  0  0  0  0  0  0  0  0  0  0
92341  cbar  1.90622  0.0548224  0.0548  16.8922  0.763317  -0.80054  16.8557  0.852546  -0.0985622  -0.411258  0.732682  Lambda_c+  4.95319  -0.030187  -1.07254  4.26086  0  0  0  0  0  0  0  0  0  0  0  0  0  0  0  0  0  0
92596  s  1.11914  0.010974  0.0306855  8.14026  -0.567226  0.10915  8.11905  7.36257  0.104586  0.425075  7.34879  D+  42.5141  -0.312684  0.351898  42.4703  0  0  0  0  0  0  0  0  0  0  0  0  0  0  0  0  0  0
92701  s  1.80173  0.028564  0.0483518  2.53374  0.326492  -0.111264  2.50793  9.31478  -0.187806  0.177105  9.3106  D0  40.0711  0.34828  -0.327979  40.0248  0  0  0  0  0  0  0  0  0  0  0  0  0  0  0  0  0  0
92773  s  1.74966  0.0302059  0.0523947  9.08774  0.527444  0.390613  9.06339  4.05633  -0.0826748  -0.280496  4.04439  D+  36.7005  0.535799  -0.246249  36.6481  0  0  0  0  0  0  0  0  0  0  0  0  0  0  0  0  0  0
92954  s  1.38989  0.0447331  0.0968022  43.2865  -0.834036  0.846116  43.27  1.13688  0.1514  -0.171957  1.10854  D+  14.8868  0.240033  -0.586937  14.7553  0  0  0  0  0  0  0  0  0  0  0  0  0  0  0  0  0  0
93039  s  2.03742  0.0895832  0.138048  38.4027  -0.971463  1.25591  38.3697  5.60016  0.688918  -0.783018  5.50117  D+  21.8893  1.13093  -1.77934  21.7072  0  0  0  0  0  0  0  0  0  0  0  0  0  0  0  0  0  0
93198  s  2.21386  0.0764711  0.111513  28.9414  1.29188  -0.756046  28.9025  12.0586  0.0155994  0.107172  12.0576  D0  22.2701  -1.1253  0.181555  22.1626  0  0  0  0  0  0  0  0  0  0  0  0  0  0  0  0  0  0
93404  s  0.490309  0.0024753  0.0256419  9.21579  -0.0375805  0.165573  9.21362  0.593646  -0.0545207  -0.0680353  0.577625  D0  40.5088  0.846965  -0.841866  40.4482  0  0  0  0  0  0  0  0  0  0  0  0  0  0  0  0  0  0
93459  s  3.82823  0.13838  0.159461  6.65874  -0.577715  -1.09059  6.54252  12.6559  0.0445242  -0.185631  12.6541  D+  33.3687  -0.294585  0.252573  33.314  0  0  0  0  0  0  0  0  0  0  0  0  0  0  0  0  0  0
93538  s  0.95171  0.0246124  0.0857367  43.4849  0.782155  0.094578  43.4776  5.51514  -0.946647  -0.0536902  5.432  D+  14.9475  -1.27807  -0.208366  14.7735  0  0  0  0  0  0  0  0  0  0  0  0  0  0  0  0  0  0
93858  s  1.31471  0.0422996  0.0973316  42.4606  1.16504  -0.0077318  42.4445  7.12364  -0.457749  0.199938  7.10532  Lambda_c+  14.25  -0.380532  0.32754  14.0564  0  0  0  0  0  0  0  0  0  0  0  0  0  0  0  0  0  0
93959  s  2.14421  0.0451089  0.0671618  8.78153  -0.712091  0.349101  8.74501  8.21056  -0.034714  -0.716118  8.17851  D0  43.1846  0.097064  -0.976162  43.1331  0  0  0  0  0  0  0  0  0  0  0  0  0  0  0  0  0  0
94641  s  1.62165  0.0233122  0.0432505  2.9824  -0.15391  -0.299232  2.96147  9.86793  -0.115206  0.155328  9.86547  D+  24.387  -0.118811  -0.335327  24.3126  0  0  0  0  0  0  0  0  0  0  0  0  0  0  0  0  0  0
95093  cbar  2.81402  0.119928  0.119821  20.6829  -1.38214  -1.07488  20.6083  0.380129  -0.237404  0.0421419  0.274222  D0  7.56175  -0.208438  -0.0114559  7.32521  0  0  0  0  0  0  0  0  0  0  0  0  0  0  0  0  0  0
95138  s  0.596414  0.00418231  0.0306361  17.7726  -0.243245  0.181656  17.7696  1.05348  0.128704  -0.0766074  1.03741  D+  36.6034  -0.0109579  -0.185917  36.5551  0  0  0  0  0  0  0  0  0  0  0  0  0  0  0  0  0  0
95146  s  0.897068  0.0157056  0.0596109  35.791  -0.626947  0.241968  35.7846  4.25561  0.0949762  -0.0943507  4.25219  D0  20.8621  0.834069  0.434651  20.7573  0  0  0  0  0  0  0  0  0  0  0  0  0  0  0  0  0  0
95171  s  4.90842  0.382368  0.416891  29.5187  -1.6509  -2.91608  29.3277  4.24  0.3869  -0.283734  4.21144  D0  24.1692  1.10533  0.7031  24.0615  0  0  0  0  0  0  0  0  0  0  0  0  0  0  0  0  0  0
95374  s  1.18219  0.01221  0.0318643  1.60584  0.109952  -0.138314  1.59259  4.00917  -0.146337  -0.0186563  4.00506  D_s+  42.919  0.49865  0.115874  42.8707  0  0  0  0  0  0  0  0  0  0  0  0  0  0  0  0  0  0
95441  s  2.23329  0.0504506  0.0731825  10.3851  0.717854  -0.538208  10.3457  0.90767  0.160768  0.119216  0.879  D+  23.7401  -0.236575  0.12069  23.6648  0  0  0  0  0  0  0  0  0  0  0  0  0  0  0  0  0  0
96271  s  2.43906  0.0619281  0.0853108  11.9041  0.871925  -0.592324  11.8569  2.89883  0.0170344  -0.0842437  2.89563  D+  40.886  -1.14663  0.726915  40.8207  0  0  0  0  0  0  0  0  0  0  0  0  0  0  0  0  0  0
96463  d  1.81137  0.0869491  0.0868927  42.9867  -1.38741  0.553381  42.9606  6.11648  0.466581  -0.612656  6.06688  phi  8.01035  0.851235  -0.310595  7.89346  1.89387  0.384654  0.302061  1.82657  phi  8.01035  0.851235  -0.310595  7.89346  0  0  0  0  0  0  0  0  0
96712  s  2.06331  0.0375894  0.0574397  2.74187  -0.314831  0.272141  2.70805  1.48194  0.184908  0.00208029  1.46655  D0  47.6578  -0.0155319  -0.806797  47.6145  0  0  0  0  0  0  0  0  0  0  0  0  0  0  0  0  0  0
96910  s  1.70285  0.0245944  0.0436701  0.266706  -0.0243677  0.00379509  0.243639  5.61015  0.476727  0.220425  5.58451  D0  40.0805  0.0582302  -0.023272  40.0371  0  0  0  0  0  0  0  0  0  0  0  0  0  0  0  0  0  0
97217  s  1.70707  0.106242  0.188124  42.1326  1.51736  0.21634  42.1046  2.9845  -0.394584  0.142408  2.95298  D+  11.4781  -0.36272  -1.08362  11.267  0  0  0  0  0  0  0  0  0  0  0  0  0  0  0  0  0  0
97343  s  1.44344  0.023017  0.0478648  14.8574  -0.683378  -0.121665  14.8408  30.3857  0.691747  0.769387  30.3679  D+  34.8947  0.591726  0.576297  34.8348  0  0  0  0  0  0  0  0  0  0  0  0  0  0  0  0  0  0
97717  s  1.52021  0.0236075  0.0465831  10.9281  -0.573011  0.249719  10.9097  8.13409  0.291983  -0.404034  8.11811  D+  38.9807  0.579778  0.281531  38.9305  0  0  0  0  0  0  0  0  0  0  0  0  0  0  0  0  0  0
98222  s  2.87845  0.139889  0.177692  31.5329  1.42539  1.44885  31.4672  9.86181  -0.221778  -1.26967  9.77665  D0  25.6765  -0.899385  -1.51639  25.5479  0  0  0  0  0  0  0  0  0  0  0  0  0  0  0  0  0  0
98294  s  0.562931  0.00326432  0.026441  11.3637  -0.127277  0.178083  11.3611  17.5366  0.122855  -0.127357  17.5354  D+  32.3867  -0.0986195  0.185639  32.332  0  0  0  0  0  0  0  0  0  0  0  0  0  0  0  0  0  0
98384  cbar  3.4471  0.15818  0.157994  14.4142  -0.523417  1.74475  14.2982  0.221429  0.152097  -0.0786736  0.0924329  Lambda_c+  10.615  -0.0435399  0.412473  10.3575  0  0  0  0  0  0  0  0  0  0  0  0  0  0  0  0  0  0
98434  s  1.41152  0.025155  0.0535526  20.8883  0.723145  -0.359072  20.8725  5.44548  -0.0507274  0.0465755  5.44402  D+  34.0248  0.207068  0.258053  33.9718  0  0  0  0  0  0  0  0  0  0  0  0  0  0  0  0  0  0
98730  s  1.95116  0.0324777  0.0516599  0.629817  -0.160384  -0.0176186  0.59956  9.30323  -0.0226804  -0.566723  9.28532  D+  27.5023  -0.00226452  -0.400282  27.4358  0  0  0  0  0  0  0  0  0  0  0  0  0  0  0  0  0  0
98913  s  0.663902  0.00394946  0.0241097  3.62383  -0.120744  -0.0141454  3.62025  21.3464  0.162048  -0.151985  21.3449  D_s+  53.8214  0.326123  -0.414298  53.7828  0  0  0  0  0  0  0  0  0  0  0  0  0  0  0  0  0  0
99259  s  2.24838  0.0584466  0.0844236  17.0044  0.124969  1.15629  16.9642  14.7177  -0.674357  0.00148805  14.7019  D0  34.1524  -0.347366  -0.642126  34.0936  0  0  0  0  0  0  0  0  0  0  0  0  0  0  0  0  0  0
