71  s  0.779721  0.0351012  0.16473  0.770088  0.102926  0.157995  0.739131  1.35734  -0.0666119  -0.145195  1.34376  D+  4.80051  0.768911  0.438054  4.33201  0  0  0  0  0  0  0  0  0  0  0  0  0  0  0  0  0  0
1722  s  1.42146  0.132895  0.279132  1.89784  0.498398  0.340152  1.79626  1.81483  -0.666786  -0.281407  1.66092  Lambda_c+  7.18045  -0.417952  -0.854006  6.73995  0  0  0  0  0  0  0  0  0  0  0  0  0  0  0  0  0  0
2109  s  0.932618  0.0569319  0.203657  1.85872  -0.152346  0.356972  1.81468  0.980168  -0.311991  0.485948  0.784908  D0  5.43991  -0.248121  -0.0816777  5.1036  0  0  0  0  0  0  0  0  0  0  0  0  0  0  0  0  0  0
3418  s  1.17393  0.074669  0.195886  0.164686  0.0330154  0.0761597  0.0952222  3.19911  0.793992  0.478492  3.06002  D+  5.68754  0.663759  -0.070168  5.32984  0  0  0  0  0  0  0  0  0  0  0  0  0  0  0  0  0  0
3808  s  0.805684  0.0493865  0.220051  1.96659  -0.391042  -0.00814082  1.9244  2.58765  0.818537  -0.525895  2.39546  Lambda_c+  5.71043  0.339376  -0.579656  5.1894  0  0  0  0  0  0  0  0  0  0  0  0  0  0  0  0  0  0
5105  d  1.93623  0.214854  0.212704  0.701559  -0.410993  -0.219932  0.513552  0.552466  0.118728  -0.0278222  0.528379  Lambda0  5.741  0.649078  -0.385684  5.5807  0  0  0  0  0  0  0  0  0  0  0  0  0  0  0  0  0  0
7966  s  0.688946  0.0259353  0.148693  0.296319  -0.10599  -0.0612568  0.248303  1.4175  -0.116067  0.638738  1.25566  Lambda_c+  5.46659  -1.01151  0.02608  4.86127  0  0  0  0  0  0  0  0  0  0  0  0  0  0  0  0  0  0
8962  s  0.510484  0.014648  0.14102  0.519611  -0.0235067  0.0471128  0.506023  0.762646  0.305044  -0.218475  0.655501  D+  6.81528  0.456398  -0.613129  6.5091  0  0  0  0  0  0  0  0  0  0  0  0  0  0  0  0  0  0
10353  s  0.773937  0.0543005  0.257606  1.27386  0.00844975  -0.14506  1.26112  2.23681  0.552104  -0.367882  2.13354  Lambda_c+  6.06801  -0.0148194  0.121457  5.61942  0  0  0  0  0  0  0  0  0  0  0  0  0  0  0  0  0  0
10659  s  1.01712  0.0631624  0.199935  1.27177  0.0466336  0.34193  1.21948  3.1613  0.121227  0.341955  3.13864  D0  5.57196  -0.314224  -0.141434  5.23931  0  0  0  0  0  0  0  0  0  0  0  0  0  0  0  0  0  0
17512  s  0.903027  0.0476442  0.178698  0.8792  0.118665  0.213829  0.837869  0.345837  0.0971739  0.0605478  0.308756  D0  5.86989  -0.822563  -0.00439956  5.50466  0  0  0  0  0  0  0  0  0  0  0  0  0  0  0  0  0  0
18576  s  1.44073  0.14802  0.306331  2.52715  -0.261399  0.661062  2.42281  0.342635  0.257382  -0.176574  0.0938641  Lambda_c+  4.72388  0.336043  0.0626001  4.11951  0  0  0  0  0  0  0  0  0  0  0  0  0  0  0  0  0  0
22076  s  0.961979  0.0585147  0.200229  1.57234  0.365301  0.0214045  1.52551  1.46112  -0.234437  0.288155  1.40916  D+  5.28222  -0.189799  0.41752  4.91895  0  0  0  0  0  0  0  0  0  0  0  0  0  0  0  0  0  0
24061  s  0.37707  0.0134534  0.226197  4.36812  -0.0115344  0.235854  4.36045  1.64542  0.194201  -0.209633  1.61697  Lambda_c+  5.59424  0.419812  -0.291476  5.08  0  0  0  0  0  0  0  0  0  0  0  0  0  0  0  0  0  0
24166  s  1.07688  0.071374  0.209148  1.34169  0.0664338  0.371596  1.28314  0.847776  0.0351114  -0.0142521  0.840312  D0  5.41237  -0.21546  -0.11968  5.07496  0  0  0  0  0  0  0  0  0  0  0  0  0  0  0  0  0  0
27538  s  0.745269  0.0343574  0.173252  1.38126  0.0418254  0.304475  1.34249  1.79651  -0.00408139  -0.608668  1.68694  D0  4.98743  0.21772  0.126758  4.61879  0  0  0  0  0  0  0  0  0  0  0  0  0  0  0  0  0  0
28187  s  0.66105  0.0243975  0.149841  0.455235  0.0866871  -0.0349379  0.432828  1.51247  0.192337  -0.186505  1.4848  D+  7.83592  0.169601  0.0661564  7.60743  0  0  0  0  0  0  0  0  0  0  0  0  0  0  0  0  0  0
33377  d  1.8362  0.336643  0.331392  4.66285  -1.07272  -0.621965  4.49371  0.183804  -0.05998  0.120831  0.0664984  eta  0.724528  0.216096  0.104345  0.40892  0.279906  0.0941223  -0.136526  0.199211  eta  0.724528  0.216096  0.104345  0.40892  0  0  0  0  0  0  0  0  0
38248  d  1.63566  0.19325  0.191506  2.62254  -0.584869  0.5773  2.48821  0.194088  0.013156  -0.0119678  0.161832  Lambda0  1.68441  -0.477635  -0.382212  1.10375  0  0  0  0  0  0  0  0  0  0  0  0  0  0  0  0  0  0
43660  s  0.712895  0.0298496  0.161769  0.926954  -0.189556  -0.0193526  0.900985  2.97638  -0.366659  0.0377795  2.95157  D+  5.22489  0.307372  -0.497296  4.84378  0  0  0  0  0  0  0  0  0  0  0  0  0  0  0  0  0  0
44244  s  0.77697  0.0358415  0.169138  1.02441  -0.225552  0.00151752  0.993665  1.45207  0.721744  0.0675301  1.25374  D0  5.62578  0.233987  -0.208151  5.29846  0  0  0  0  0  0  0  0  0  0  0  0  0  0  0  0  0  0
45130  s  0.614381  0.0243647  0.1694  1.74428  0.195698  0.133972  1.72485  1.57093  0.382272  -0.135149  1.51402  D+  5.56054  0.364619  0.0601198  5.22375  0  0  0  0  0  0  0  0  0  0  0  0  0  0  0  0  0  0
45699  s  0.654978  0.0243224  0.151711  0.600856  0.120136  -0.019134  0.578848  0.773688  -0.106575  -0.210752  0.729147  D+  6.51299  -0.54324  0.453076  6.19864  0  0  0  0  0  0  0  0  0  0  0  0  0  0  0  0  0  0
51185  s  1.04403  0.0758117  0.231472  2.33819  -0.422221  0.254964  2.28313  1.05543  0.141309  -0.02246  1.04033  Lambda_c+  6.46309  0.322638  -0.341062  6.02688  0  0  0  0  0  0  0  0  0  0  0  0  0  0  0  0  0  0
52972  s  0.827549  0.0373371  0.159722  0.225659  -0.0293311  -0.0497044  0.190859  1.57056  -0.0354387  -0.0268467  1.56637  D+  6.61846  -0.0215761  0.155195  6.34697  0  0  0  0  0  0  0  0  0  0  0  0  0  0  0  0  0  0
53946  s  0.540336  0.0166862  0.14516  0.675806  -0.0698372  0.0649192  0.660649  0.146362  0.0897155  0.0106769  -0.0457715  D+  5.26345  -0.00510578  0.106695  4.91905  0  0  0  0  0  0  0  0  0  0  0  0  0  0  0  0  0  0
54262  d  2.44479  0.489524  0.478515  3.49299  0.639696  1.25752  3.19363  0.542366  -0.103661  0.123469  0.506958  omega  1.23707  0.000380047  0.261335  0.926352  0.364318  -0.139093  0.19762  0.251322  omega  1.23707  0.000380047  0.261335  0.926352  0  0  0  0  0  0  0  0  0
57420  s  0.361044  0.00756839  0.138152  0.821777  -0.0201035  -0.0033603  0.814701  1.09672  -0.118975  0.126913  1.07766  D+  6.22868  0.503333  0.32896  5.91096  0  0  0  0  0  0  0  0  0  0  0  0  0  0  0  0  0  0
60268  s  1.01541  0.0685676  0.217489  1.14247  -0.413583  0.090615  1.05585  0.885471  -0.0655989  0.283443  0.82961  Lambda_c+  4.9647  0.538023  0.0354364  4.37375  0  0  0  0  0  0  0  0  0  0  0  0  0  0  0  0  0  0
60902  s  0.462269  0.0121369  0.139844  0.617391  0.0342037  -0.0377113  0.606148  1.61947  -0.290125  0.388232  1.54163  D+  6.8048  0.283075  0.149017  6.5351  0  0  0  0  0  0  0  0  0  0  0  0  0  0  0  0  0  0
62858  s  1.09607  0.0703146  0.201335  0.895227  0.165786  -0.25734  0.834601  2.90833  -0.694286  -0.0311511  2.82209  Lambda_c+  7.08963  -0.317721  -0.837438  6.65076  0  0  0  0  0  0  0  0  0  0  0  0  0  0  0  0  0  0
63501  s  0.474926  0.013163  0.144376  0.868602  -0.0960582  0.00549  0.856766  3.8403  -0.694628  -0.182931  3.77104  Lambda_c+  7.88041  -0.416479  -0.201939  7.5272  0  0  0  0  0  0  0  0  0  0  0  0  0  0  0  0  0  0
67487  s  0.758027  0.0459671  0.225467  3.33864  0.294712  -0.31095  3.30935  3.44006  -0.498554  -0.437068  3.37391  Lambda_c+  6.41307  -0.28046  -0.22643  5.98078  0  0  0  0  0  0  0  0  0  0  0  0  0  0  0  0  0  0
67821  s  0.868234  0.0555803  0.22089  2.74829  0.421911  -0.0802019  2.71247  2.77027  -0.256833  0.547597  2.70137  Lambda_c+  6.56259  -0.5541  -0.0206042  6.12635  0  0  0  0  0  0  0  0  0  0  0  0  0  0  0  0  0  0
68938  s  0.676551  0.0323321  0.190969  2.45588  0.320341  0.0286424  2.43244  1.86458  -0.146621  0.122158  1.85178  Lambda_c+  6.06202  -0.0473552  -0.359146  5.60259  0  0  0  0  0  0  0  0  0  0  0  0  0  0  0  0  0  0
69299  s  0.796179  0.0475585  0.215875  2.89679  -0.303752  0.28696  2.86455  2.20179  -0.416529  0.0867632  2.1577  D+  4.72965  0.657512  -0.480104  4.26746  0  0  0  0  0  0  0  0  0  0  0  0  0  0  0  0  0  0
71555  s  1.18267  0.0858482  0.22304  1.23137  -0.452562  0.120183  1.13395  2.67539  -0.542641  -0.353009  2.59373  Lambda_c+  6.52921  0.345025  -0.738215  6.06125  0  0  0  0  0  0  0  0  0  0  0  0  0  0  0  0  0  0
73633  s  1.09234  0.0678378  0.195132  0.626837  0.155995  0.19085  0.566571  3.52388  -0.23886  -0.397126  3.49168  D+  5.74319  -0.686472  -0.241648  5.38137  0  0  0  0  0  0  0  0  0  0  0  0  0  0  0  0  0  0
76402  s  0.7406  0.0326787  0.166472  1.05576  -0.106826  0.189016  1.02778  0.627746  -0.046594  -0.407915  0.462964  D+  5.62113  0.658228  0.116389  5.25878  0  0  0  0  0  0  0  0  0  0  0  0  0  0  0  0  0  0
76501  d  1.43534  0.376107  0.369551  7.08095  1.06961  0.548421  6.97738  0.869212  -0.284627  -0.0548761  0.812614  eta  1.76457  -0.659234  -0.210735  1.52793  0.189688  -0.143284  -0.0164626  0.0633737  eta  1.76457  -0.659234  -0.210735  1.52793  0  0  0  0  0  0  0  0  0
76902  s  0.395772  0.011034  0.169438  2.43514  -0.154737  -0.0753887  2.42674  1.91656  -0.210703  0.64991  1.78753  D+  5.63259  -0.0494518  0.737781  5.26155  0  0  0  0  0  0  0  0  0  0  0  0  0  0  0  0  0  0
78171  s  0.432103  0.0115107  0.150136  1.35603  -0.0587864  0.110068  1.34614  0.156264  -0.0871692  -0.0245433  -0.0710879  Lambda_c+  7.29967  -0.311629  -0.411551  6.91309  0  0  0  0  0  0  0  0  0  0  0  0  0  0  0  0  0  0
78650  d  1.84242  0.248556  0.245682  2.7223  -0.866946  0.367931  2.55202  0.453134  0.000668472  0.0231176  0.440036  Lambda0  4.07127  0.300442  -0.126657  3.90182  0  0  0  0  0  0  0  0  0  0  0  0  0  0  0  0  0  0
79603  s  0.917692  0.0541871  0.198448  0.518571  0.0585611  0.231492  0.448033  2.30579  0.306417  -0.670564  2.18219  D+  4.53098  -0.308257  -0.224385  4.10962  0  0  0  0  0  0  0  0  0  0  0  0  0  0  0  0  0  0
80474  s  1.09867  0.0735386  0.209885  1.25299  0.137635  -0.344712  1.19208  0.637563  0.395983  0.121811  0.47295  D+  5.01951  0.018167  0.314794  4.64764  0  0  0  0  0  0  0  0  0  0  0  0  0  0  0  0  0  0
80605  s  1.57212  0.150371  0.285242  0.523151  -0.350844  -0.0366845  0.371599  1.52276  0.159688  -0.536521  1.41219  Lambda_c+  8.18425  1.04884  -0.482769  7.77309  0  0  0  0  0  0  0  0  0  0  0  0  0  0  0  0  0  0
82439  s  0.406727  0.00978543  0.142809  0.991208  -0.0746371  0.0262888  0.982378  4.23824  0.0461669  -0.216007  4.23116  D0  6.02288  0.124403  -0.200136  5.72205  0  0  0  0  0  0  0  0  0  0  0  0  0  0  0  0  0  0
82512  s  1.28495  0.108226  0.254408  1.87013  0.210273  0.498577  1.78701  1.33231  -0.396851  0.0950718  1.26387  D0  4.80221  -0.698265  -0.621214  4.3255  0  0  0  0  0  0  0  0  0  0  0  0  0  0  0  0  0  0
82864  d  1.90477  0.294016  0.290003  3.03389  -0.843836  0.545368  2.86074  1.15349  0.535979  -0.533331  0.86467  omega  1.83962  0.321438  -1.0392  1.26176  0.686135  -0.214541  -0.505871  0.397093  omega  1.83962  0.321438  -1.0392  1.26176  0  0  0  0  0  0  0  0  0
86805  s  1.43861  0.11847  0.245893  0.690635  -0.318089  0.143308  0.586596  1.41367  0.175074  -0.359797  1.35173  D+  7.18293  -0.117518  -0.136271  6.93301  0  0  0  0  0  0  0  0  0  0  0  0  0  0  0  0  0  0
87380  s  0.706472  0.0310344  0.170686  1.42985  -0.0409879  -0.243855  1.40434  0.27195  0.193055  0.0292979  0.157049  Lambda_c+  7.27805  -0.83493  -0.377187  6.84855  0  0  0  0  0  0  0  0  0  0  0  0  0  0  0  0  0  0
88312  s  1.43789  0.125884  0.261327  1.25822  0.0261389  -0.529019  1.13641  2.3027  -0.0881082  0.726876  2.18063  Lambda_c+  7.85964  -0.22048  0.323576  7.50951  0  0  0  0  0  0  0  0  0  0  0  0  0  0  0  0  0  0
88368  s  0.726014  0.0357375  0.187967  2.14028  -0.315173  -0.0630951  2.11337  0.744646  0.222727  0.134109  0.68974  D+  5.77178  0.191276  -0.259113  5.45108  0  0  0  0  0  0  0  0  0  0  0  0  0  0  0  0  0  0
89304  s  0.41224  0.00984917  0.140181  0.8052  -0.0566361  -0.0113569  0.796145  0.850455  -0.17487  0.0212358  0.825275  D+  5.10814  0.213804  -0.300729  4.73936  0  0  0  0  0  0  0  0  0  0  0  0  0  0  0  0  0  0
91685  d  2.16219  0.308449  0.304039  1.92308  0.419771  0.811744  1.68877  2.80372  -0.0880852  -0.161246  2.79569  omega  6.20277  -0.410562  -0.392535  6.12691  1.20505  -0.14746  0.149699  1.18187  omega  6.20277  -0.410562  -0.392535  6.12691  0  0  0  0  0  0  0  0  0
92933  d  1.14103  0.100217  0.099744  3.07706  0.114771  -0.612701  3.0114  0.521858  0.102264  0.0933359  0.491937  eta  4.22079  0.282644  0.211286  4.17018  0.923832  0.15013  0.0459091  0.904242  eta  4.22079  0.282644  0.211286  4.17018  0  0  0  0  0  0  0  0  0
97697  s  0.551863  0.0180855  0.151566  1.02629  0.142861  -0.0240649  1.01051  2.95605  -0.377207  -0.400007  2.90255  Lambda_c+  7.68778  -0.502078  -0.175616  7.3206  0  0  0  0  0  0  0  0  0  0  0  0  0  0  0  0  0  0
