84  s  2.0055  0.0634737  0.0989232  16.3515  0.888553  -0.716615  16.3113  7.93623  0.00339653  0.813386  7.89373  D0  25.4038  -1.26131  1.18084  25.2762  0  0  0  0  0  0  0  0  0  0  0  0  0  0  0  0  0  0
504  s  2.6293  0.0802127  0.106239  4.19065  0.587608  0.466646  4.12157  10.3944  -0.804539  -0.236515  10.3599  D+  34.5489  -1.57583  0.770166  34.4537  0  0  0  0  0  0  0  0  0  0  0  0  0  0  0  0  0  0
596  s  1.47784  0.0319461  0.064838  8.17526  0.316492  -0.68271  8.13987  6.3889  -0.186258  -0.393905  6.37314  D+  23.8423  -0.886139  -0.0860569  23.7522  0  0  0  0  0  0  0  0  0  0  0  0  0  0  0  0  0  0
962  s  1.25179  0.0182711  0.0444985  4.41603  -0.0859074  -0.346787  4.40029  4.28906  0.206084  -0.540921  4.2485  Xi_c0  41.9519  0.753497  -0.34176  41.8709  0  0  0  0  0  0  0  0  0  0  0  0  0  0  0  0  0  0
972  s  1.76072  0.0397415  0.0685592  8.54886  0.586698  0.417565  8.51782  6.34184  -0.589166  -0.0702089  6.31314  D+  32.985  -1.62343  0.567053  32.887  0  0  0  0  0  0  0  0  0  0  0  0  0  0  0  0  0  0
1085  s  1.10816  0.02197  0.0622108  20.3324  -0.187187  -0.675546  20.32  0.34647  -0.0717079  -0.0201083  0.321451  D0  21.6035  0.699725  1.23816  21.4758  0  0  0  0  0  0  0  0  0  0  0  0  0  0  0  0  0  0
1192  s  0.975204  0.0159698  0.0537443  18.3842  0.575078  -0.104752  18.3746  2.32953  -0.351122  0.104602  2.29812  D+  16.7754  -0.287237  0.588512  16.658  0  0  0  0  0  0  0  0  0  0  0  0  0  0  0  0  0  0
2110  s  2.17285  0.0847536  0.125045  20.4334  -1.16908  -0.741133  20.3862  6.07066  0.50231  0.688656  6.00959  D0  17.8012  0.930679  0.288846  17.6764  0  0  0  0  0  0  0  0  0  0  0  0  0  0  0  0  0  0
2471  s  1.95111  0.0559692  0.0890027  13.8732  -1.01382  -0.128027  13.8351  8.0864  -0.589869  0.200262  8.06167  D+  25.4681  -0.425135  -0.0983439  25.3956  0  0  0  0  0  0  0  0  0  0  0  0  0  0  0  0  0  0
2634  s  2.21699  0.0854212  0.124425  17.2358  -0.994262  -0.965406  17.1796  4.57286  -0.192489  0.270575  4.55956  D+  24.8078  0.293945  2.29978  24.6284  0  0  0  0  0  0  0  0  0  0  0  0  0  0  0  0  0  0
2687  s  1.79929  0.0363458  0.0615848  2.65204  -0.177709  -0.357918  2.61963  11.5397  0.206064  0.58129  11.5228  D+  29.557  -0.483525  0.5914  29.488  0  0  0  0  0  0  0  0  0  0  0  0  0  0  0  0  0  0
2767  s  2.89272  0.137379  0.174094  13.4134  -1.27621  0.877076  13.3233  1.69857  0.0126439  0.0917053  1.69275  D+  26.1641  1.11052  -0.237012  26.0725  0  0  0  0  0  0  0  0  0  0  0  0  0  0  0  0  0  0
3120  s  2.82952  0.196699  0.251514  28.4285  1.69486  -1.28744  28.3485  4.81125  -0.312119  0.415485  4.78194  Lambda_c+  19.7023  -0.111503  1.91365  19.4751  0  0  0  0  0  0  0  0  0  0  0  0  0  0  0  0  0  0
3420  s  0.438798  0.0022667  0.028754  2.95034  0.0143889  -0.0598406  2.9478  0.337195  -0.0336509  0.126678  0.292159  D0  22.323  0.445631  0.603757  22.2323  0  0  0  0  0  0  0  0  0  0  0  0  0  0  0  0  0  0
3863  s  1.02639  0.0317448  0.0995147  32.4341  -0.662054  0.489275  32.4235  6.0302  0.536271  0.315216  5.9971  D+  12.9886  1.11959  -0.451141  12.7966  0  0  0  0  0  0  0  0  0  0  0  0  0  0  0  0  0  0
4021  s  0.842128  0.0114626  0.0478244  17.1399  0.286638  0.391069  17.1327  1.48995  0.204179  -0.190986  1.45966  D0  23.1052  0.605648  -0.87504  23.0052  0  0  0  0  0  0  0  0  0  0  0  0  0  0  0  0  0  0
4431  s  0.725324  0.0165545  0.0873409  33.1836  -0.0683023  -0.582976  33.1782  2.34201  0.0771436  0.652881  2.24536  D+  14.9585  0.802197  1.1349  14.7759  0  0  0  0  0  0  0  0  0  0  0  0  0  0  0  0  0  0
4524  s  0.728616  0.00683612  0.0358069  8.73508  0.271751  -0.0971084  8.72967  0.604944  0.0369448  0.092343  0.587283  D+  19.1289  -0.178177  -0.152427  19.0359  0  0  0  0  0  0  0  0  0  0  0  0  0  0  0  0  0  0
4602  s  3.00379  0.155728  0.194278  19.2432  1.8552  -0.0869624  19.1531  13.82  0.296601  0.142224  13.8157  D0  23.6945  -0.627435  0.608874  23.6048  0  0  0  0  0  0  0  0  0  0  0  0  0  0  0  0  0  0
4694  s  1.43926  0.0389816  0.0812929  21.8008  -0.93479  -0.143127  21.7801  11.9962  0.0904694  -0.0570924  11.9952  Lambda_c+  27.8589  0.977062  0.605488  27.7411  0  0  0  0  0  0  0  0  0  0  0  0  0  0  0  0  0  0
4731  s  1.0588  0.015522  0.0466683  11.6311  0.459318  0.201221  11.6198  1.46202  -0.11996  -0.270467  1.42786  Lambda_c+  36.0161  -0.209031  -0.172035  35.9425  0  0  0  0  0  0  0  0  0  0  0  0  0  0  0  0  0  0
4858  s  2.75213  0.191061  0.247374  28.9544  -2.08571  -0.0962406  28.8789  1.42527  -0.199562  0.0105171  1.40723  Lambda_c+  18.0067  1.79766  -0.213106  17.769  0  0  0  0  0  0  0  0  0  0  0  0  0  0  0  0  0  0
5402  s  2.20784  0.0610211  0.0891363  15.9006  -1.42484  1.08445  15.7991  9.22105  0.0627467  -0.0324434  9.22017  D+  14.3908  0.0622823  0.107052  14.2683  0  0  0  0  0  0  0  0  0  0  0  0  0  0  0  0  0  0
5551  s  2.5013  0.0841862  0.114371  10.5153  1.14  -0.0183914  10.4527  6.21177  -0.162696  -0.162161  6.20662  D0  26.6172  1.05902  0.121716  26.5304  0  0  0  0  0  0  0  0  0  0  0  0  0  0  0  0  0  0
6056  s  1.07349  0.0589168  0.173853  32.9264  -0.452768  0.776958  32.9139  3.37221  -0.24703  -0.537155  3.31829  D+  8.66605  0.527077  -1.25862  8.35123  0  0  0  0  0  0  0  0  0  0  0  0  0  0  0  0  0  0
6296  s  3.16191  0.107578  0.131656  1.28746  -0.0340287  0.516998  1.17385  4.74612  0.0499652  0.359763  4.73102  D_s+  33.9124  -0.959672  0.379041  33.8395  0  0  0  0  0  0  0  0  0  0  0  0  0  0  0  0  0  0
6511  s  0.952986  0.0124509  0.0432928  11.249  -0.407517  0.17037  11.2398  2.17959  0.0254684  0.124078  2.17334  D0  28.2992  0.391879  0.246002  28.2339  0  0  0  0  0  0  0  0  0  0  0  0  0  0  0  0  0  0
6916  s  1.05454  0.0138502  0.0418675  7.33169  -0.321719  0.22253  7.32049  2.00238  -0.155335  0.212943  1.98214  D0  26.4761  -0.0563488  -0.0508841  26.4102  0  0  0  0  0  0  0  0  0  0  0  0  0  0  0  0  0  0
7290  s  1.7279  0.044681  0.0783199  6.65143  0.5924  0.420486  6.6108  11.836  -0.440445  -0.463114  11.8183  D+  26.8084  -0.731089  -0.560925  26.7272  0  0  0  0  0  0  0  0  0  0  0  0  0  0  0  0  0  0
7375  s  1.43085  0.0284977  0.0598002  11.8343  0.684386  0.0780672  11.8137  6.71316  0.470586  0.058503  6.69555  D+  33.2564  0.0245864  0.570626  33.1989  0  0  0  0  0  0  0  0  0  0  0  0  0  0  0  0  0  0
8466  cbar  3.65665  0.205539  0.205144  7.82714  0.421522  -0.990889  7.752  0.593429  0.464802  0.156108  0.317148  D0  5.49368  0.395324  0.602415  5.11699  0  0  0  0  0  0  0  0  0  0  0  0  0  0  0  0  0  0
8554  s  0.348279  0.00526422  0.102906  37.8398  -0.298053  0.00278288  37.8384  2.55406  0.0493797  0.590437  2.48214  D+  9.48305  -0.421882  0.458684  9.27601  0  0  0  0  0  0  0  0  0  0  0  0  0  0  0  0  0  0
8798  s  1.33127  0.0204942  0.0465037  4.03576  0.291952  0.216547  4.01797  9.5296  -0.248125  0.0793178  9.52546  D0  40.0572  0.0568951  0.597066  40.0093  0  0  0  0  0  0  0  0  0  0  0  0  0  0  0  0  0  0
9112  s  3.00355  0.096149  0.120021  0.353159  0.0691424  0.282166  0.17076  0.870147  0.167656  -0.220719  0.818026  D0  13.8516  -0.0135444  -0.448822  13.7181  0  0  0  0  0  0  0  0  0  0  0  0  0  0  0  0  0  0
9242  s  2.54161  0.157823  0.21248  28.307  1.61184  1.02051  28.2425  6.64994  -0.176166  -0.768062  6.60224  D+  18.0398  -1.14909  -0.217941  17.9045  0  0  0  0  0  0  0  0  0  0  0  0  0  0  0  0  0  0
9272  s  0.973949  0.0128117  0.0431956  10.6634  0.389282  0.203475  10.6539  9.91134  0.301157  -0.41709  9.89741  D0  22.7971  0.0086115  -0.536232  22.7144  0  0  0  0  0  0  0  0  0  0  0  0  0  0  0  0  0  0
9463  s  3.35018  0.120156  0.144081  0.77301  -0.219859  -0.325182  0.657495  7.07258  0.183668  -0.202644  7.0665  D+  22.0928  -0.118757  -0.116565  22.0129  0  0  0  0  0  0  0  0  0  0  0  0  0  0  0  0  0  0
9635  d  3.36387  0.16941  0.169142  14.5245  0.504367  1.73326  14.4115  4.68926  -0.242348  -0.340721  4.66939  eta  10.7451  -0.31256  -0.501356  10.7148  1.29067  -0.0967691  -0.0538139  1.28157  eta  10.7451  -0.31256  -0.501356  10.7148  0  0  0  0  0  0  0  0  0
9791  s  2.99867  0.102045  0.127457  3.14437  0.239706  -0.699048  3.05447  9.52509  -0.849771  -0.103839  9.48595  D+  27.1051  -1.23335  0.147611  27.012  0  0  0  0  0  0  0  0  0  0  0  0  0  0  0  0  0  0
9816  s  1.74907  0.0340538  0.0590807  2.24588  -0.344141  -0.0839841  2.21525  8.45692  0.441653  -0.338981  8.43791  D0  36.5236  0.794887  0.399936  36.4651  0  0  0  0  0  0  0  0  0  0  0  0  0  0  0  0  0  0
9954  s  0.951527  0.0169495  0.0590607  21.6527  -0.231377  0.575499  21.6435  6.0776  0.245495  -0.108727  6.07074  D+  20.609  -0.196522  -0.624366  20.5136  0  0  0  0  0  0  0  0  0  0  0  0  0  0  0  0  0  0
10053  s  1.92224  0.047374  0.0761875  4.10292  -0.606168  -0.0116706  4.0565  13.9127  0.422794  0.206499  13.9044  D_s+  29.6448  0.40583  0.845709  29.5645  0  0  0  0  0  0  0  0  0  0  0  0  0  0  0  0  0  0
10159  s  0.978855  0.0144015  0.0482132  14.6642  0.0288222  -0.521081  14.6546  7.16078  -0.283747  0.106308  7.15359  D0  28.5371  -0.266442  -0.0661387  28.4748  0  0  0  0  0  0  0  0  0  0  0  0  0  0  0  0  0  0
10774  s  1.09735  0.0171989  0.0493268  12.808  -0.387041  0.38662  12.7959  2.34648  0.0277218  0.0146932  2.34389  D0  28.7882  0.676427  0.647143  28.7125  0  0  0  0  0  0  0  0  0  0  0  0  0  0  0  0  0  0
10946  s  0.856142  0.00841907  0.0342601  3.72407  -0.0489206  -0.204159  3.71664  4.49721  -0.0567109  -0.543288  4.46266  D0  38.0567  -0.943886  -1.09649  37.9834  0  0  0  0  0  0  0  0  0  0  0  0  0  0  0  0  0  0
11027  s  0.971562  0.015537  0.0525638  17.7433  0.0230527  0.571263  17.7337  11.0757  -0.0161473  -0.1837  11.0736  D+  20.612  -0.16264  -0.804454  20.5106  0  0  0  0  0  0  0  0  0  0  0  0  0  0  0  0  0  0
11177  s  0.894734  0.0096568  0.0367946  5.94183  -0.289599  -0.0336952  5.93373  3.25966  -0.0514283  -0.301842  3.24353  eta  5.95023  -0.0355294  -0.209501  5.92115  1.14153  -0.0126715  -0.0504615  1.13544  eta  5.95023  -0.0355294  -0.209501  5.92115  0  0  0  0  0  0  0  0  0
11768  d  4.49058  0.280421  0.279686  11.7979  1.58757  1.47562  11.5966  0.630373  -0.363513  -0.331936  0.379319  rho0  1.8554  -0.62198  -0.206822  1.56551  1.22502  -0.258467  0.125114  1.1862  rho0  1.8554  -0.62198  -0.206822  1.56551  0  0  0  0  0  0  0  0  0
12411  s  2.37835  0.101532  0.141783  20.4301  -0.0330362  -1.51489  20.3736  7.94314  -0.0932652  0.395453  7.93203  Lambda_c+  27.8687  -0.75977  1.98709  27.6931  0  0  0  0  0  0  0  0  0  0  0  0  0  0  0  0  0  0
12964  s  0.79078  0.009044  0.0415815  13.2726  0.294257  -0.266021  13.2662  6.02291  -0.137315  -0.374526  6.00876  D0  21.4488  0.215694  0.181739  21.3657  0  0  0  0  0  0  0  0  0  0  0  0  0  0  0  0  0  0
13081  s  2.37393  0.0620754  0.0868086  1.73969  0.420417  0.0701173  1.68335  16.3973  -0.225593  -0.264882  16.3933  D_s+  36.3034  -0.746584  -0.22424  36.2416  0  0  0  0  0  0  0  0  0  0  0  0  0  0  0  0  0  0
14312  s  0.780066  0.00732268  0.0343966  5.83611  -0.0662238  0.237844  5.82993  6.15005  -0.441454  -0.230863  6.12893  D0  33.0407  -0.19653  -1.47699  32.9544  0  0  0  0  0  0  0  0  0  0  0  0  0  0  0  0  0  0
14632  s  1.03865  0.020339  0.0627476  21.8539  -0.676504  -0.0795242  21.843  9.21637  0.175714  0.0499581  9.21396  Lambda_c+  23.3946  1.3997  0.630487  23.2319  0  0  0  0  0  0  0  0  0  0  0  0  0  0  0  0  0  0
14918  s  1.02383  0.0122023  0.0383899  4.34094  0.0545463  -0.2784  4.33037  10.9782  -0.765142  0.0528048  10.9509  D+  33.1172  -0.277658  -0.180751  33.0628  0  0  0  0  0  0  0  0  0  0  0  0  0  0  0  0  0  0
15141  s  1.47977  0.0344941  0.0699149  14.8281  -0.872059  -0.0424612  14.802  2.80193  0.116396  0.0387119  2.79725  D+  21.8589  -0.30788  0.605232  21.7682  0  0  0  0  0  0  0  0  0  0  0  0  0  0  0  0  0  0
15354  s  1.53053  0.0348943  0.0683877  14.3443  -0.1555  0.798591  14.3208  8.51732  -0.100096  0.382891  8.50746  Lambda_c+  30.85  0.116342  -0.806018  30.7544  0  0  0  0  0  0  0  0  0  0  0  0  0  0  0  0  0  0
15386  s  0.701334  0.00768744  0.0428496  16.0223  0.0176886  -0.386408  16.0173  0.554389  -0.0602592  0.126751  0.525819  D+  24.7294  -0.0091492  -0.139003  24.6583  0  0  0  0  0  0  0  0  0  0  0  0  0  0  0  0  0  0
15429  s  1.67916  0.0432668  0.0777616  8.2352  -0.798933  -0.281073  8.19085  2.63957  -0.558411  0.0548516  2.57708  D0  18.2124  -0.00798275  1.29732  18.0702  0  0  0  0  0  0  0  0  0  0  0  0  0  0  0  0  0  0
15767  s  1.95933  0.0486838  0.0771818  8.09726  0.435504  0.647866  8.05885  8.6555  -0.592557  0.681232  8.60763  D+  30.8144  -0.868284  0.472124  30.7418  0  0  0  0  0  0  0  0  0  0  0  0  0  0  0  0  0  0
15772  s  2.40112  0.087938  0.122156  11.4896  1.23107  0.33424  11.4181  7.80184  -0.220447  0.338949  7.79064  D0  18.3601  -0.886597  -0.0366305  18.2436  0  0  0  0  0  0  0  0  0  0  0  0  0  0  0  0  0  0
16030  s  1.2599  0.0170078  0.0411091  0.38336  0.0267742  -0.00958645  0.367413  10.5345  -0.535999  0.335888  10.515  D+  42.6878  -1.50479  0.477768  42.6176  0  0  0  0  0  0  0  0  0  0  0  0  0  0  0  0  0  0
16182  s  1.09962  0.0189601  0.0542312  9.34957  -0.644561  0.0468015  9.32661  5.29398  -0.185017  -0.0604884  5.28935  Lambda_c+  15.3109  0.718931  -0.549609  15.1121  0  0  0  0  0  0  0  0  0  0  0  0  0  0  0  0  0  0
16344  s  1.46038  0.138104  0.283436  41.8894  -0.850392  -1.02814  41.868  1.50001  -0.0257503  0.654371  1.34537  Lambda_c+  7.75754  0.527591  1.09099  7.3132  0  0  0  0  0  0  0  0  0  0  0  0  0  0  0  0  0  0
17133  s  1.04821  0.0215967  0.0658084  23.0072  0.618916  0.339364  22.9961  3.87665  0.335975  -0.233282  3.85357  Lambda_c+  24.7436  0.151115  -0.557543  24.631  0  0  0  0  0  0  0  0  0  0  0  0  0  0  0  0  0  0
17318  s  1.25536  0.0190623  0.0462697  9.65148  0.356167  -0.613482  9.62479  16.7061  0.00678277  -0.864664  16.6834  D0  26.7891  -0.586573  -0.621542  26.7104  0  0  0  0  0  0  0  0  0  0  0  0  0  0  0  0  0  0
17602  s  1.85405  0.0389706  0.0644551  3.11347  -0.245109  -0.376579  3.07907  4.848  0.0651418  0.326598  4.83539  Lambda_c+  45.2115  0.291353  -0.0338534  45.1527  0  0  0  0  0  0  0  0  0  0  0  0  0  0  0  0  0  0
17781  s  1.46506  0.0504307  0.103247  23.5669  0.148838  1.0433  23.5431  7.58593  -0.359318  -0.258591  7.57227  D+  16.4391  -0.420174  -1.2454  16.2795  0  0  0  0  0  0  0  0  0  0  0  0  0  0  0  0  0  0
18576  s  0.968379  0.0115239  0.0391693  6.75439  -0.265142  0.215245  6.74492  10.2906  -0.477675  -0.253556  10.2758  D+  34.4718  0.37101  -0.111917  34.4189  0  0  0  0  0  0  0  0  0  0  0  0  0  0  0  0  0  0
19574  s  1.44522  0.0433359  0.0899824  24.4347  -0.986797  0.19589  24.4137  9.89567  0.818348  0.318443  9.85606  Lambda_c+  24.4619  1.64754  0.386755  24.2959  0  0  0  0  0  0  0  0  0  0  0  0  0  0  0  0  0  0
19850  s  1.53976  0.0414429  0.0807417  19.633  -0.912899  -0.296639  19.6092  20.6573  1.47049  0.829264  20.588  D+  26.4604  1.98559  0.7843  26.3078  0  0  0  0  0  0  0  0  0  0  0  0  0  0  0  0  0  0
19941  s  2.41694  0.0779603  0.107909  10.1887  -0.916107  0.579645  10.1303  1.68561  -0.107832  -0.0281605  1.6786  D+  23.6977  -0.437309  -1.12302  23.5931  0  0  0  0  0  0  0  0  0  0  0  0  0  0  0  0  0  0
19986  s  2.73454  0.154116  0.2002  24.2628  0.0942445  1.89731  24.188  3.85141  -0.47515  -0.358384  3.80368  D0  19.2813  -0.0758286  -1.55908  19.1273  0  0  0  0  0  0  0  0  0  0  0  0  0  0  0  0  0  0
20046  s  3.22732  0.213998  0.259706  24.182  0.863852  2.06461  24.078  2.51087  0.0763468  -0.860582  2.35518  D+  10.5893  -0.280466  -0.935298  10.3771  0  0  0  0  0  0  0  0  0  0  0  0  0  0  0  0  0  0
20091  s  1.43561  0.047637  0.0995983  27.0542  -1.04526  0.119948  27.0336  0.739567  -0.107966  -0.154316  0.707336  D+  17.3473  0.678295  -0.461605  17.2267  0  0  0  0  0  0  0  0  0  0  0  0  0  0  0  0  0  0
20673  s  1.34465  0.0257061  0.0576811  12.6367  -0.241422  -0.623633  12.6186  15.6132  -0.723767  -0.0654416  15.5959  D0  32.6739  -0.627147  0.0163309  32.6146  0  0  0  0  0  0  0  0  0  0  0  0  0  0  0  0  0  0
21028  s  2.52454  0.0738813  0.0998947  4.14895  0.714324  -0.0551715  4.08526  8.03178  0.358918  -0.122818  8.02212  D+  41.1115  -0.734538  -1.15154  41.0462  0  0  0  0  0  0  0  0  0  0  0  0  0  0  0  0  0  0
21053  s  1.8105  0.0446779  0.0753136  11.0213  0.790981  -0.292223  10.9885  12.3236  -0.23173  0.774716  12.2966  D+  21.9827  -0.968009  1.21096  21.8481  0  0  0  0  0  0  0  0  0  0  0  0  0  0  0  0  0  0
21440  s  1.95097  0.0575214  0.0914743  14.8561  1.05432  -0.0858119  14.818  10.2652  -0.967485  -0.0278573  10.2189  D0  27.0864  -0.89726  0.657222  26.9993  0  0  0  0  0  0  0  0  0  0  0  0  0  0  0  0  0  0
21736  ubar  1.20702  0.0607062  0.0606715  23.7978  -1.03912  -0.0353566  23.7749  1.62711  0.105104  -0.0903034  1.61776  omega  12.7141  1.17872  -0.38469  12.6294  6.38625  0.741979  -0.440646  6.32679  omega  12.7141  1.17872  -0.38469  12.6294  0  0  0  0  0  0  0  0  0
22109  s  1.41675  0.0430762  0.0913269  25.288  -0.382853  0.927482  25.2679  2.35335  0.470856  -0.0187056  2.30327  D+  22.6167  0.56511  0.128239  22.5318  0  0  0  0  0  0  0  0  0  0  0  0  0  0  0  0  0  0
22566  s  1.31414  0.0287177  0.0661151  18.0727  0.493875  -0.609415  18.0554  7.83405  -0.0968828  -0.302086  7.82691  D+  21.0564  -1.05032  0.716023  20.9347  0  0  0  0  0  0  0  0  0  0  0  0  0  0  0  0  0  0
22797  s  1.93714  0.0589867  0.0943029  16.218  0.532601  0.96003  16.1805  11.8331  -0.0429217  -0.586262  11.818  D0  29.8188  -1.15764  -0.86731  29.7253  0  0  0  0  0  0  0  0  0  0  0  0  0  0  0  0  0  0
23237  cbar  1.59871  0.0515606  0.0515357  27.7271  0.210872  1.22469  27.699  0.631298  -0.449984  -0.0492682  0.427153  Lambda_c+  3.58704  -0.013757  -0.200093  2.75658  0  0  0  0  0  0  0  0  0  0  0  0  0  0  0  0  0  0
23283  s  1.91342  0.0555971  0.089718  7.28149  0.0175642  0.766452  7.24025  6.49341  -0.15344  -0.446075  6.47539  D+  16.3096  -0.422766  -0.261377  16.1945  0  0  0  0  0  0  0  0  0  0  0  0  0  0  0  0  0  0
23794  s  1.48899  0.105558  0.212472  38.9261  -0.589108  -1.17129  38.9038  4.27823  0.687172  0.152197  4.21862  D0  7.07926  0.27702  -0.106644  6.82276  0  0  0  0  0  0  0  0  0  0  0  0  0  0  0  0  0  0
23806  s  2.47008  0.067873  0.0928437  2.14111  0.406971  -0.33451  2.0726  4.73193  -0.0346318  -0.622295  4.68952  D+  33.3269  0.114866  -0.710849  33.2666  0  0  0  0  0  0  0  0  0  0  0  0  0  0  0  0  0  0
23999  s  2.33781  0.0675818  0.0953438  7.10381  -0.296055  -1.06424  7.0166  0.540355  0.0397168  -0.172014  0.499653  D+  16.6812  -0.191459  0.311872  16.5721  0  0  0  0  0  0  0  0  0  0  0  0  0  0  0  0  0  0
24276  s  2.00543  0.0886429  0.13812  25.9412  -0.707541  -1.2546  25.901  2.66724  0.52005  -0.0620331  2.61317  D+  16.3431  0.145124  -0.281342  16.2327  0  0  0  0  0  0  0  0  0  0  0  0  0  0  0  0  0  0
24298  s  1.02208  0.0338416  0.106697  28.84  0.705463  0.363944  28.8289  11.5581  -0.727323  -0.428139  11.5267  D+  18.6265  -1.25525  -1.33739  18.4414  0  0  0  0  0  0  0  0  0  0  0  0  0  0  0  0  0  0
24487  s  2.71578  0.0857989  0.111883  4.31001  0.444448  0.648914  4.23631  6.97048  0.149694  -0.19825  6.96525  D+  40.5605  -1.05405  -1.39051  40.4797  0  0  0  0  0  0  0  0  0  0  0  0  0  0  0  0  0  0
24815  s  0.521304  0.0030525  0.0283247  2.67633  -0.0134338  0.061282  2.67351  10.0278  0.406037  0.10735  10.0184  D+  35.5242  0.805961  -0.101042  35.4656  0  0  0  0  0  0  0  0  0  0  0  0  0  0  0  0  0  0
25076  s  3.42525  0.142986  0.170179  6.39333  -0.775953  -0.933302  6.27617  0.965675  0.140239  0.016757  0.94943  D0  29.2267  0.148245  0.431402  29.1635  0  0  0  0  0  0  0  0  0  0  0  0  0  0  0  0  0  0
25167  s  1.02575  0.0148008  0.0464451  12.2362  -0.216704  0.44874  12.2256  7.19935  -0.54847  -0.0639586  7.17737  D+  17.4047  -0.496249  -0.55452  17.288  0  0  0  0  0  0  0  0  0  0  0  0  0  0  0  0  0  0
25177  s  2.19175  0.0558227  0.0819263  4.26115  -0.178623  -0.603318  4.21312  3.73994  -0.0812104  0.178913  3.73329  D+  34.3701  -0.28406  -0.203496  34.3175  0  0  0  0  0  0  0  0  0  0  0  0  0  0  0  0  0  0
25265  s  2.21856  0.0642793  0.0936067  9.31367  0.0857356  0.946472  9.26446  10.3151  0.0539549  0.112838  10.3138  D0  30.7068  -0.360179  0.220442  30.6472  0  0  0  0  0  0  0  0  0  0  0  0  0  0  0  0  0  0
25430  s  1.76639  0.0422946  0.0727655  10.7276  0.139093  0.793309  10.6968  1.83871  0.207274  -0.273258  1.80334  D+  30.5783  -0.952506  -1.65093  30.4615  0  0  0  0  0  0  0  0  0  0  0  0  0  0  0  0  0  0
25448  s  1.60209  0.0384371  0.0721059  13.7339  -0.638428  0.661033  13.7027  0.556057  0.0552285  0.0776265  0.537549  D+  25.2642  -1.03782  -1.50654  25.1284  0  0  0  0  0  0  0  0  0  0  0  0  0  0  0  0  0  0
25728  s  1.22577  0.0207542  0.0518232  11.5394  0.579192  -0.0407064  11.5243  7.96534  0.364359  -0.392004  7.94663  D+  29.0224  0.278203  -0.19724  28.9601  0  0  0  0  0  0  0  0  0  0  0  0  0  0  0  0  0  0
26192  s  1.43427  0.0256146  0.053618  7.32178  -0.0717254  -0.534246  7.30115  2.69355  0.245089  -0.0551214  2.67973  Lambda_c+  36.7591  0.653712  1.19182  36.6628  0  0  0  0  0  0  0  0  0  0  0  0  0  0  0  0  0  0
26872  s  2.69907  0.113332  0.148178  15.8641  -1.29253  0.788881  15.7913  9.9687  0.642581  0.845649  9.9114  D0  21.9212  0.866865  0.40369  21.8208  0  0  0  0  0  0  0  0  0  0  0  0  0  0  0  0  0  0
27038  s  1.95787  0.0509903  0.0808814  10.058  -0.826463  0.275371  10.0196  2.49715  -0.0307289  -0.179331  2.48828  D+  32.0069  0.318044  -0.463806  31.9473  0  0  0  0  0  0  0  0  0  0  0  0  0  0  0  0  0  0
27059  s  2.91757  0.0947915  0.119741  2.26529  -0.575037  0.190213  2.18026  1.66045  0.055012  0.207644  1.64311  D0  33.0958  0.484642  1.8137  32.9899  0  0  0  0  0  0  0  0  0  0  0  0  0  0  0  0  0  0
28196  s  0.805621  0.00793825  0.0354554  6.54976  0.25414  -0.102383  6.54318  5.07074  0.197543  -0.131929  5.06407  D0  15.245  0.132057  -0.699608  15.1138  0  0  0  0  0  0  0  0  0  0  0  0  0  0  0  0  0  0
28413  s  2.28519  0.101362  0.144897  29.0472  -1.23015  -1.31965  28.9909  2.10493  0.44478  0.0976715  2.05237  D0  11.0464  0.0277643  0.544774  10.8742  0  0  0  0  0  0  0  0  0  0  0  0  0  0  0  0  0  0
28862  s  1.04553  0.0189033  0.0578015  18.9403  -0.544366  -0.316079  18.9295  6.72966  0.153106  0.378115  6.71645  D+  13.5369  0.532852  0.461951  13.3886  0  0  0  0  0  0  0  0  0  0  0  0  0  0  0  0  0  0
29193  s  2.64366  0.0860633  0.113679  12.2566  1.07468  -0.801175  12.1826  6.9997  0.623809  0.0562999  6.97082  D+  21.0993  0.109621  0.17451  21.0153  0  0  0  0  0  0  0  0  0  0  0  0  0  0  0  0  0  0
29220  s  2.09592  0.049016  0.0740876  2.36008  0.312659  0.310701  2.31614  7.81771  0.386612  0.108679  7.80667  D0  34.0386  -0.297677  0.371727  33.9841  0  0  0  0  0  0  0  0  0  0  0  0  0  0  0  0  0  0
29389  cbar  3.04799  0.231044  0.230544  21.8838  2.29976  0.243607  21.761  0.16002  0.0942399  0.0468632  0.0580097  D0  8.69795  0.674347  0.33494  8.46225  0  0  0  0  0  0  0  0  0  0  0  0  0  0  0  0  0  0
29764  s  1.38303  0.0537939  0.117013  28.6383  -0.669159  0.822481  28.6185  1.65812  0.185795  0.0640438  1.64303  D0  15.3895  0.74734  0.0169235  15.2578  0  0  0  0  0  0  0  0  0  0  0  0  0  0  0  0  0  0
30416  s  1.40445  0.0232273  0.0497119  8.79221  -0.63382  0.129903  8.76773  1.15274  -0.0548612  0.152436  1.1364  D+  28.4704  1.15511  0.442617  28.382  0  0  0  0  0  0  0  0  0  0  0  0  0  0  0  0  0  0
30483  s  1.38513  0.0887777  0.192729  38.6022  -0.315885  1.17261  38.583  0.312144  0.200364  -0.153493  0.150214  D+  7.51951  0.420054  -1.15677  7.17865  0  0  0  0  0  0  0  0  0  0  0  0  0  0  0  0  0  0
30649  s  1.39009  0.0259423  0.0561352  10.425  0.222603  0.58581  10.4056  1.40921  -0.121461  0.185752  1.3876  D+  24.2762  -0.469026  0.21357  24.1986  0  0  0  0  0  0  0  0  0  0  0  0  0  0  0  0  0  0
30793  s  3.70956  0.159082  0.184818  0.41116  -0.263139  0.174868  0.240972  7.49445  0.0398787  0.122456  7.4926  D0  31.1163  1.80909  1.0303  30.9906  0  0  0  0  0  0  0  0  0  0  0  0  0  0  0  0  0  0
30829  s  1.47709  0.0538138  0.109255  28.5135  0.9901  0.505636  28.4916  2.18865  0.517651  0.00246052  2.12392  D0  11.2469  -0.0135072  -0.16342  11.09  0  0  0  0  0  0  0  0  0  0  0  0  0  0  0  0  0  0
30971  s  1.60576  0.0319806  0.0598691  7.15345  0.351616  -0.483892  7.12761  5.74805  -0.665647  0.247963  5.70302  D0  22.9272  -0.382892  0.827258  22.833  0  0  0  0  0  0  0  0  0  0  0  0  0  0  0  0  0  0
31010  s  0.65659  0.00602724  0.0374817  12.0024  -0.0931721  -0.293344  11.998  3.1285  -0.111849  -0.538304  3.078  D0  19.7025  0.176948  0.182817  19.6123  0  0  0  0  0  0  0  0  0  0  0  0  0  0  0  0  0  0
31181  s  2.75128  0.098936  0.128225  9.34707  -0.662296  0.978927  9.27144  7.07766  0.248457  -0.147724  7.07097  D0  26.2031  -0.11843  -1.56424  26.0895  0  0  0  0  0  0  0  0  0  0  0  0  0  0  0  0  0  0
31205  s  0.896185  0.0150644  0.0572588  19.9898  -0.264777  -0.547462  19.9803  4.51118  -0.0795152  0.193135  4.50511  D0  18.6385  0.031884  0.99917  18.518  0  0  0  0  0  0  0  0  0  0  0  0  0  0  0  0  0  0
31216  d  3.50697  0.338642  0.337571  26.6093  0.48721  -2.32861  26.5025  2.49366  -0.356015  0.404929  2.43238  omega  3.84041  -0.000596599  0.536748  3.72035  1.34674  0.355418  0.131819  1.28796  omega  3.84041  -0.000596599  0.536748  3.72035  0  0  0  0  0  0  0  0  0
32265  s  0.928826  0.0232901  0.0840131  30.3792  -0.535165  0.481722  30.3704  1.47765  0.190319  -0.224169  1.44424  D0  16.9411  0.795854  -0.824949  16.7991  0  0  0  0  0  0  0  0  0  0  0  0  0  0  0  0  0  0
33376  s  0.989918  0.0176187  0.0580627  20.4796  0.455573  0.431481  20.4697  6.48333  -0.0747966  -0.104304  6.4812  D0  24.8447  -0.964865  -0.876943  24.7402  0  0  0  0  0  0  0  0  0  0  0  0  0  0  0  0  0  0
33497  s  1.33511  0.0583203  0.131863  33.8312  0.359889  1.0343  33.8133  0.15951  0.063991  0.0794758  0.0621957  Lambda_c+  15.0064  -0.363506  -1.79651  14.7174  0  0  0  0  0  0  0  0  0  0  0  0  0  0  0  0  0  0
33671  s  0.918107  0.0259866  0.0953289  32.4698  0.806199  0.046615  32.4596  0.966032  -0.290098  -0.308587  0.861784  D0  9.36749  0.361061  -0.312395  9.16756  0  0  0  0  0  0  0  0  0  0  0  0  0  0  0  0  0  0
33864  s  2.26972  0.0809187  0.116172  16.1911  -0.94387  -0.873384  16.1396  0.648872  -0.0674242  -0.0505109  0.634645  D+  16.9893  0.2703  0.0421471  16.8839  0  0  0  0  0  0  0  0  0  0  0  0  0  0  0  0  0  0
34217  cbar  2.16609  0.101816  0.101719  25.2183  -0.810661  -1.50427  25.1602  1.49383  0.104542  -0.325492  1.45034  D+  4.54791  -0.0732834  0.51015  4.11368  0  0  0  0  0  0  0  0  0  0  0  0  0  0  0  0  0  0
34816  s  2.8091  0.131251  0.168467  18.08  0.444749  1.62342  18.0012  3.01039  0.437731  -0.00165053  2.97652  D+  26.3642  0.118611  -1.56152  26.2512  0  0  0  0  0  0  0  0  0  0  0  0  0  0  0  0  0  0
35129  s  0.521929  0.0030533  0.0282715  1.70905  0.0213097  0.0470148  1.705  0.964915  -0.20947  -0.124139  0.92769  D+  14.7028  0.149781  0.467674  14.5751  0  0  0  0  0  0  0  0  0  0  0  0  0  0  0  0  0  0
35740  s  2.56504  0.0740476  0.099301  2.76878  -0.150912  0.570818  2.70303  4.80648  -0.0620244  -0.0283051  4.80484  D0  34.672  -0.395367  -0.97206  34.6059  0  0  0  0  0  0  0  0  0  0  0  0  0  0  0  0  0  0
36080  s  0.980347  0.0120835  0.0403678  7.73416  -0.362229  -0.086983  7.72446  16.5375  0.355024  0.696019  16.5187  D0  34.2092  0.206927  0.375044  34.1557  0  0  0  0  0  0  0  0  0  0  0  0  0  0  0  0  0  0
36083  s  1.85546  0.0509858  0.0842672  14.1358  0.422046  0.885261  14.1013  7.53602  -0.0968043  0.339827  7.52699  D+  26.0832  0.0889811  0.724604  26.0059  0  0  0  0  0  0  0  0  0  0  0  0  0  0  0  0  0  0
36139  cbar  1.85735  0.0548381  0.0548099  5.3654  -0.613994  0.258727  5.32282  0.856716  -0.122976  0.611952  0.577225  D+  4.8812  -0.745644  0.894162  4.35604  0  0  0  0  0  0  0  0  0  0  0  0  0  0  0  0  0  0
36218  s  0.460679  0.00238352  0.0276529  2.67064  0.0127259  0.0239293  2.66841  1.8757  -0.0135494  0.322728  1.84466  D+  24.5763  0.105554  -0.0803341  24.5047  0  0  0  0  0  0  0  0  0  0  0  0  0  0  0  0  0  0
36370  s  1.58577  0.0409632  0.0775853  17.4052  -0.554531  0.746905  17.38  2.76838  -0.382354  0.0366294  2.73957  D0  14.1925  -0.475937  -0.256901  14.059  0  0  0  0  0  0  0  0  0  0  0  0  0  0  0  0  0  0
36665  s  1.52052  0.0664924  0.13112  31.5897  1.20335  -0.0672466  31.5665  5.91747  -0.587654  0.160998  5.88507  D+  15.9299  -0.494614  0.602914  15.8006  0  0  0  0  0  0  0  0  0  0  0  0  0  0  0  0  0  0
36838  s  5.6521  0.356354  0.380184  2.34612  -0.476155  1.07538  2.0273  0.675873  0.181812  0.0277082  0.641729  D0  38.2672  -0.37963  -0.192846  38.2193  0  0  0  0  0  0  0  0  0  0  0  0  0  0  0  0  0  0
36945  s  3.45813  0.161323  0.191386  10.5759  1.21488  1.00783  10.4569  6.101  -0.481886  -0.522844  6.05851  D0  26.0833  -0.704917  -0.461633  26.0029  0  0  0  0  0  0  0  0  0  0  0  0  0  0  0  0  0  0
36984  s  1.30895  0.0262382  0.0606795  15.3207  -0.607671  -0.382675  15.3035  12.1101  0.300942  0.00317971  12.1059  D+  26.3609  0.650159  0.525883  26.2812  0  0  0  0  0  0  0  0  0  0  0  0  0  0  0  0  0  0
37245  s  0.854393  0.00841186  0.0343365  3.87378  0.191998  0.0959336  3.86639  2.40785  -0.349309  0.452669  2.33659  D_s+  23.6818  -0.365651  -0.392096  23.5937  0  0  0  0  0  0  0  0  0  0  0  0  0  0  0  0  0  0
37667  s  1.26313  0.0326114  0.0785762  31.9345  0.936789  -0.569848  31.9155  4.68648  0.428277  -0.512139  4.63748  Lambda_c+  16.0513  -0.0101014  0.357819  15.8835  0  0  0  0  0  0  0  0  0  0  0  0  0  0  0  0  0  0
37927  s  2.45105  0.0845279  0.116094  12.2444  -0.880717  0.824626  12.1843  4.939  -0.0886435  -0.123631  4.93553  D0  27.4207  0.942012  -0.712049  27.3317  0  0  0  0  0  0  0  0  0  0  0  0  0  0  0  0  0  0
38020  s  1.06357  0.0121558  0.0363302  0.528984  0.024675  0.0124213  0.517588  2.81487  -0.154377  0.249223  2.79757  D0  24.9185  -0.0834404  0.180145  24.8478  0  0  0  0  0  0  0  0  0  0  0  0  0  0  0  0  0  0
38062  s  1.99765  0.112624  0.175939  31.2368  0.221352  -1.5596  31.1969  0.188274  -0.118724  0.0689575  0.0737065  Lambda_c+  16.429  -0.571446  1.50631  16.1892  0  0  0  0  0  0  0  0  0  0  0  0  0  0  0  0  0  0
38531  s  2.20371  0.0668915  0.0978218  7.95913  -0.890686  -0.00761556  7.90843  13.0532  0.854445  0.0622723  13.0246  D+  28.3765  0.945254  -0.178181  28.2985  0  0  0  0  0  0  0  0  0  0  0  0  0  0  0  0  0  0
39517  s  1.21997  0.0234468  0.0588801  16.2926  0.459926  -0.514326  16.2776  11.7034  -0.22595  -0.617745  11.6844  D0  21.5538  -0.291663  -0.134628  21.4706  0  0  0  0  0  0  0  0  0  0  0  0  0  0  0  0  0  0
39611  s  1.26149  0.0174585  0.0421357  1.54455  -0.0645894  0.183834  1.52856  3.21707  -0.281537  -0.134558  3.20016  D+  40.1571  0.634287  0.125631  40.1084  0  0  0  0  0  0  0  0  0  0  0  0  0  0  0  0  0  0
40044  s  1.54029  0.0561189  0.109283  27.59  0.661585  -0.92885  27.5663  7.66167  0.312778  0.133148  7.6534  D+  21.2009  -0.591359  0.879543  21.0917  0  0  0  0  0  0  0  0  0  0  0  0  0  0  0  0  0  0
40389  s  2.02486  0.0564862  0.0874378  11.4383  0.961257  0.0377577  11.3973  2.12992  0.16897  0.128089  2.11671  Lambda_c+  31.6209  -0.369317  -0.276547  31.5347  0  0  0  0  0  0  0  0  0  0  0  0  0  0  0  0  0  0
40928  s  1.68784  0.0405939  0.0726275  12.7211  0.787701  -0.305725  12.6926  4.70357  0.0891508  0.30716  4.6915  D0  32.27  -0.450363  0.195284  32.2123  0  0  0  0  0  0  0  0  0  0  0  0  0  0  0  0  0  0
41411  d  3.62127  0.204488  0.204097  15.9447  1.06112  -1.73816  15.8137  0.242849  0.0494143  0.0608094  0.204137  Lambda0  2.3374  0.653675  0.215613  1.93518  0  0  0  0  0  0  0  0  0  0  0  0  0  0  0  0  0  0
41855  s  2.21568  0.0535202  0.0780105  1.23818  -0.261194  0.199404  1.18909  10.9698  0.0868806  0.258076  10.966  D+  31.52  -0.760862  0.783324  31.4455  0  0  0  0  0  0  0  0  0  0  0  0  0  0  0  0  0  0
42200  s  0.736298  0.00654043  0.0336828  5.94724  -0.0274666  -0.231748  5.94172  11.7113  0.5264  -0.125888  11.6983  D0  29.7766  0.225063  0.21235  29.7165  0  0  0  0  0  0  0  0  0  0  0  0  0  0  0  0  0  0
42914  s  4.6057  0.265939  0.293416  7.61271  -1.47684  0.993315  7.40098  3.30293  -0.0830384  0.0440042  3.2999  D+  22.9399  0.0969883  -1.30973  22.8258  0  0  0  0  0  0  0  0  0  0  0  0  0  0  0  0  0  0
43115  s  1.91273  0.0448929  0.0724715  6.6906  -0.128622  -0.678851  6.65399  5.37411  0.357965  -0.0539916  5.36086  D+  29.7821  0.658225  0.0750918  29.7159  0  0  0  0  0  0  0  0  0  0  0  0  0  0  0  0  0  0
44094  s  2.40358  0.129094  0.179154  26.2701  0.00466874  -1.73764  26.2123  9.30755  -0.0436047  0.511875  9.29276  D+  21.5519  0.473908  0.530304  21.4589  0  0  0  0  0  0  0  0  0  0  0  0  0  0  0  0  0  0
44215  s  2.81537  0.115628  0.14829  13.5888  0.237278  -1.44165  13.5096  3.82755  0.0960945  -0.454282  3.79781  D+  21.7443  0.115531  0.199239  21.6625  0  0  0  0  0  0  0  0  0  0  0  0  0  0  0  0  0  0
44249  s  0.924607  0.0151195  0.0549046  19.987  -0.351955  -0.458541  19.9784  16.1073  -0.364501  0.793943  16.0833  D_s+  25.2854  0.177837  0.412711  25.2047  0  0  0  0  0  0  0  0  0  0  0  0  0  0  0  0  0  0
44905  d  2.91448  0.190625  0.190285  37.0214  -1.223  2.54169  36.9137  0.259037  -0.0100542  -0.120278  0.203392  Lambda0  2.95548  0.0599653  -0.798385  2.61708  0  0  0  0  0  0  0  0  0  0  0  0  0  0  0  0  0  0
46224  s  3.24936  0.145863  0.176706  2.18681  0.5715  0.493983  2.04947  2.99328  0.0771008  0.369332  2.96753  D+  22.0417  -1.12399  -0.294066  21.9315  0  0  0  0  0  0  0  0  0  0  0  0  0  0  0  0  0  0
46260  s  0.49243  0.00284346  0.0292266  4.67399  0.0293004  0.107825  4.67146  1.63967  0.0874381  -0.00180756  1.63392  D+  29.2017  -0.475376  -0.172585  29.1374  0  0  0  0  0  0  0  0  0  0  0  0  0  0  0  0  0  0
46476  s  2.35199  0.0634135  0.089153  3.52885  0.595922  -0.0383929  3.47636  7.96388  -0.219402  -0.43181  7.94843  D+  26.1963  -0.441429  0.165509  26.1252  0  0  0  0  0  0  0  0  0  0  0  0  0  0  0  0  0  0
46607  s  2.57663  0.0730419  0.0977294  1.68233  0.358066  -0.281866  1.61598  0.504563  0.0278473  -0.0893291  0.484422  D+  37.56  -0.15719  -0.0511517  37.5131  0  0  0  0  0  0  0  0  0  0  0  0  0  0  0  0  0  0
46677  s  2.31816  0.136503  0.193409  29.1397  -0.174941  1.75678  29.086  4.49178  0.0925618  -0.70091  4.43454  D+  14.5101  0.622451  -0.376724  14.3707  0  0  0  0  0  0  0  0  0  0  0  0  0  0  0  0  0  0
46697  s  1.48832  0.0297841  0.0600208  10.5798  0.288245  -0.516903  10.5627  7.3528  -0.124096  -0.199403  7.34829  D0  26.5498  -0.728899  0.369344  26.4716  0  0  0  0  0  0  0  0  0  0  0  0  0  0  0  0  0  0
46900  s  0.780542  0.00833648  0.0391208  11.1738  0.0501748  -0.352985  11.1676  3.6368  0.116507  -0.374372  3.61406  D0  29.5412  0.466136  -0.136579  29.4783  0  0  0  0  0  0  0  0  0  0  0  0  0  0  0  0  0  0
47656  s  2.49671  0.0734142  0.0998444  4.87113  0.273782  0.71898  4.80883  8.87954  -0.857606  -0.285157  8.83279  D_s+  32.4437  -1.26256  -0.446216  32.3563  0  0  0  0  0  0  0  0  0  0  0  0  0  0  0  0  0  0
47986  s  1.79118  0.0448634  0.0762942  12.0099  0.785011  0.378211  11.9778  7.52586  -0.134212  -0.280307  7.51869  D+  22.6806  0.043417  0.189779  22.6026  0  0  0  0  0  0  0  0  0  0  0  0  0  0  0  0  0  0
48020  s  3.0188  0.145257  0.180874  16.6857  0.236796  1.72107  16.5946  4.3075  0.224517  -0.0404059  4.30016  D+  21.3208  0.123721  -0.64702  21.2285  0  0  0  0  0  0  0  0  0  0  0  0  0  0  0  0  0  0
48923  s  2.04151  0.0587602  0.0904325  12.3214  -0.989206  0.189572  12.2798  6.36102  0.279217  -0.335153  6.34516  D+  19.3074  0.758244  0.205595  19.2006  0  0  0  0  0  0  0  0  0  0  0  0  0  0  0  0  0  0
49154  s  3.70223  0.150778  0.175282  5.37707  1.52237  0.186323  5.15261  1.7816  0.198803  0.334841  1.73531  D0  16.5166  0.615504  -0.0463768  16.3994  0  0  0  0  0  0  0  0  0  0  0  0  0  0  0  0  0  0
49303  s  1.09173  0.0257706  0.074402  25.4728  -0.448415  0.631709  25.4608  4.90508  0.0853757  0.119897  4.90173  D0  18.2528  0.773075  -0.465025  18.1348  0  0  0  0  0  0  0  0  0  0  0  0  0  0  0  0  0  0
49418  s  1.71884  0.0719075  0.126585  28.224  -0.442425  -1.20924  28.1944  1.08772  -0.113474  -0.150581  1.06603  D+  18.5548  0.157017  0.411519  18.4551  0  0  0  0  0  0  0  0  0  0  0  0  0  0  0  0  0  0
49747  s  4.80171  0.253159  0.277207  1.58545  0.809448  -0.101921  1.35532  2.47618  0.0931434  0.332911  2.44965  D0  18.5486  -0.39983  -0.0210415  18.4503  0  0  0  0  0  0  0  0  0  0  0  0  0  0  0  0  0  0
50057  s  1.33606  0.0288723  0.0652469  17.1719  -0.350978  -0.69337  17.154  6.81048  0.11027  0.866369  6.75342  D0  25.2856  0.699641  1.27234  25.1749  0  0  0  0  0  0  0  0  0  0  0  0  0  0  0  0  0  0
50394  s  0.523971  0.00355052  0.0326471  8.91233  0.120187  -0.158711  8.90948  1.64269  -0.209197  -0.00467211  1.62588  D+  20.9119  -0.00654756  -0.714053  20.8159  0  0  0  0  0  0  0  0  0  0  0  0  0  0  0  0  0  0
50769  s  2.40194  0.123333  0.171235  25.1909  -0.621348  1.58267  25.1332  0.848682  0.297475  0.0452569  0.786485  D_s+  16.1261  0.351741  -0.945165  15.9737  0  0  0  0  0  0  0  0  0  0  0  0  0  0  0  0  0  0
50790  s  2.43945  0.0663932  0.0914391  2.35461  0.326794  0.398254  2.29513  14.4329  -0.435066  -0.263761  14.4235  D+  33.3568  -1.38016  -0.870706  33.2644  0  0  0  0  0  0  0  0  0  0  0  0  0  0  0  0  0  0
50927  d  5.0349  0.475228  0.473122  17.5222  0.144589  2.47378  17.3458  0.868851  -0.118064  0.228075  0.823274  mu+  1.07646  -0.126602  0.26192  1.031  3.24238  0.0876943  0.441159  3.20929  mu-  3.70981  0.0721338  0.493803  3.67458  0  0  0  0  0  0  0  0  0
51454  s  2.47202  0.0946574  0.129395  2.87996  0.564158  -0.407987  2.79254  14.4959  0.0832012  0.454537  14.4882  D0  33.112  -0.115584  1.46355  33.0268  0  0  0  0  0  0  0  0  0  0  0  0  0  0  0  0  0  0
51660  s  1.60407  0.0387095  0.0725328  17.4348  -0.0185176  0.967453  17.4076  6.53553  0.41224  -0.839286  6.46743  D+  24.8733  0.447815  -1.05263  24.7765  0  0  0  0  0  0  0  0  0  0  0  0  0  0  0  0  0  0
51815  s  0.655066  0.00485046  0.0302819  2.97449  -0.113635  -0.045096  2.9701  7.6429  0.576423  0.156094  7.6188  D0  23.5319  0.101259  0.675032  23.4479  0  0  0  0  0  0  0  0  0  0  0  0  0  0  0  0  0  0
52328  s  2.35661  0.0592294  0.0831796  0.152286  -0.0465269  -0.0223107  0.0967701  2.09891  -0.40058  -0.266406  2.0403  D0  27.4081  -1.16174  0.162855  27.3194  0  0  0  0  0  0  0  0  0  0  0  0  0  0  0  0  0  0
52603  s  2.42116  0.178181  0.24616  36.3399  -1.54845  1.65187  36.2691  1.50307  -0.0335575  -0.00732338  1.49896  Lambda_c+  9.12092  0.807006  -1.052  8.72956  0  0  0  0  0  0  0  0  0  0  0  0  0  0  0  0  0  0
52904  s  0.957697  0.0125852  0.0434534  11.2824  0.415444  -0.158554  11.2731  13.6879  -0.0997519  0.268358  13.6845  Lambda_c+  28.7936  -0.205315  0.410736  28.699  0  0  0  0  0  0  0  0  0  0  0  0  0  0  0  0  0  0
52921  s  0.768811  0.00672019  0.0322996  3.24808  0.091006  0.139809  3.24207  2.71908  -0.056499  -0.111517  2.71415  D0  33.514  0.178103  0.851353  33.4508  0  0  0  0  0  0  0  0  0  0  0  0  0  0  0  0  0  0
53211  d  3.52754  0.162695  0.162448  9.36111  1.51409  0.0849074  9.23686  20.2904  -0.358285  -0.301955  20.2847  omega  24.4264  -0.750268  -0.275891  24.4006  4.136  -0.391983  0.0260643  4.11594  omega  24.4264  -0.750268  -0.275891  24.4006  0  0  0  0  0  0  0  0  0
53611  s  2.87039  0.137369  0.174658  18.1546  1.2115  -1.22566  18.0723  7.73682  -0.315883  0.283129  7.72446  D+  21.0052  -1.07836  0.638126  20.8843  0  0  0  0  0  0  0  0  0  0  0  0  0  0  0  0  0  0
54006  s  1.08835  0.0129009  0.0374018  1.19038  -0.00277482  0.130708  1.17845  13.3045  -0.0506168  -0.272358  13.3012  D0  38.7851  0.383723  0.302602  38.7372  0  0  0  0  0  0  0  0  0  0  0  0  0  0  0  0  0  0
54498  s  0.642296  0.00467498  0.0301708  3.09341  -0.11092  -0.0516423  3.08918  8.96755  0.389545  -0.361077  8.95118  D+  27.209  -0.27642  0.0755481  27.1432  0  0  0  0  0  0  0  0  0  0  0  0  0  0  0  0  0  0
54901  s  1.11887  0.0274262  0.0766996  25.7947  0.624322  0.498947  25.7821  3.64357  0.530618  -0.236292  3.59542  D+  15.313  -0.222526  0.102246  15.1965  0  0  0  0  0  0  0  0  0  0  0  0  0  0  0  0  0  0
54944  s  1.98956  0.0567018  0.088885  12.9175  0.344058  -0.944449  12.8779  7.36155  0.0522418  -0.197596  7.35795  D+  32.3132  0.381488  0.548177  32.2521  0  0  0  0  0  0  0  0  0  0  0  0  0  0  0  0  0  0
55411  s  0.9777  0.0184595  0.0618987  22.5236  0.0120065  -0.650538  22.5139  3.94971  -0.334778  0.230503  3.92732  D+  16.9421  -0.169  -0.160173  16.837  0  0  0  0  0  0  0  0  0  0  0  0  0  0  0  0  0  0
55924  s  2.74734  0.13394  0.173649  20.0888  1.69091  0.392169  20.0134  3.01082  -0.0508697  0.40028  2.98179  tau+  12.9804  -1.2887  -1.22473  12.7347  0  0  0  0  0  0  0  0  0  0  0  0  0  0  0  0  0  0
56218  d  2.1205  0.134947  0.134777  32.3623  1.68089  0.26849  32.3173  0.332216  0.154405  0.0939824  0.257934  omega  1.36958  -0.266453  0.301729  1.05064  0.498504  -0.0841362  0.267044  0.398685  omega  1.36958  -0.266453  0.301729  1.05064  0  0  0  0  0  0  0  0  0
56321  s  1.68717  0.165106  0.295154  34.4979  -0.23911  -1.43178  34.4672  6.11465  -0.328374  0.719179  6.06241  Lambda_c+  13.0346  -0.40354  1.94333  12.6781  0  0  0  0  0  0  0  0  0  0  0  0  0  0  0  0  0  0
56568  d  2.48147  0.067502  0.0674593  1.50674  0.304474  0.278929  1.4452  0.932596  -0.0278193  -0.0856408  0.922205  eta  5.80048  -0.543603  -0.180545  5.74607  2.7911  -0.163968  -0.176023  2.77871  eta  5.80048  -0.543603  -0.180545  5.74607  0  0  0  0  0  0  0  0  0
56578  s  1.12737  0.0177092  0.0490518  11.8737  -0.392082  -0.372417  11.8609  13.965  0.915336  0.00380238  13.9346  D+  32.7893  0.758509  0.298049  32.7258  0  0  0  0  0  0  0  0  0  0  0  0  0  0  0  0  0  0
56631  s  0.898151  0.0120776  0.0457595  14.526  0.0617454  -0.471158  14.5178  9.34865  -0.191277  0.767615  9.31452  D0  24.2299  -0.82392  0.348155  24.1415  0  0  0  0  0  0  0  0  0  0  0  0  0  0  0  0  0  0
56901  s  1.85891  0.0844652  0.139352  28.317  0.310397  -1.36012  28.2824  9.14321  -0.463178  1.15371  9.05768  D+  17.9961  -1.27297  1.92357  17.7495  0  0  0  0  0  0  0  0  0  0  0  0  0  0  0  0  0  0
56908  d  2.4083  0.179937  0.179634  32.942  -1.93066  -0.278433  32.884  5.2824  0.891227  -0.192264  5.20205  rho0  6.60383  0.81789  -0.172545  6.51706  1.32144  -0.073337  0.0197188  1.31501  rho0  6.60383  0.81789  -0.172545  6.51706  0  0  0  0  0  0  0  0  0
57571  s  1.67789  0.0324321  0.0583341  3.86015  0.452577  -0.0301793  3.83195  10.1942  0.333495  0.954335  10.1434  D+  18.1944  0.34343  0.393061  18.0905  0  0  0  0  0  0  0  0  0  0  0  0  0  0  0  0  0  0
57581  s  2.47861  0.137807  0.188035  26.362  -1.70594  -0.558694  26.3006  12.4227  1.30115  0.0922872  12.3536  D+  20.6148  1.17971  1.307  20.4543  0  0  0  0  0  0  0  0  0  0  0  0  0  0  0  0  0  0
57815  s  1.52875  0.0403333  0.0791337  19.2406  0.824909  -0.457496  19.2172  4.55158  -0.160666  -0.136599  4.54547  D_s+  27.8813  -0.127526  1.02267  27.7926  0  0  0  0  0  0  0  0  0  0  0  0  0  0  0  0  0  0
57903  s  1.45966  0.0452777  0.0930531  25.0426  -0.318653  0.978269  25.0213  2.72604  -0.0702936  0.500633  2.67667  D_s+  18.144  0.564939  0.311648  18.0254  0  0  0  0  0  0  0  0  0  0  0  0  0  0  0  0  0  0
58000  s  1.03914  0.0116027  0.0357751  0.5242  0.00808164  0.00793513  0.513316  1.21221  0.0186517  0.0567156  1.20612  D0  24.9166  -0.311301  -0.5222  24.8393  0  0  0  0  0  0  0  0  0  0  0  0  0  0  0  0  0  0
58085  s  1.91828  0.0735381  0.118421  19.0198  0.658802  0.828064  18.9901  3.33749  0.45826  -0.141085  3.30118  D0  17.227  0.0395019  -0.470021  17.1192  0  0  0  0  0  0  0  0  0  0  0  0  0  0  0  0  0  0
58181  s  1.43678  0.0254313  0.0531373  6.86096  -0.124532  0.506952  6.84026  7.74207  0.340657  0.216059  7.73083  D0  25.3145  -0.147324  -0.303619  25.2435  0  0  0  0  0  0  0  0  0  0  0  0  0  0  0  0  0  0
58837  s  1.08718  0.0201275  0.0584313  18.8251  0.433914  -0.498562  18.8132  7.20009  -0.362237  -0.356255  7.18137  Lambda_c+  28.8202  -0.760538  0.368673  28.717  0  0  0  0  0  0  0  0  0  0  0  0  0  0  0  0  0  0
59033  s  1.82038  0.0417742  0.0701107  7.84645  -0.249943  0.667687  7.81328  3.44654  -0.333597  0.318306  3.41392  D0  16.5795  0.135284  -0.279714  16.4713  0  0  0  0  0  0  0  0  0  0  0  0  0  0  0  0  0  0
59680  s  1.63841  0.0422662  0.0776621  16.2739  -0.0152065  0.929055  16.247  3.27815  0.0469128  -0.264778  3.2654  D0  21.2761  -0.999297  -2.15194  21.061  0  0  0  0  0  0  0  0  0  0  0  0  0  0  0  0  0  0
59879  s  2.51677  0.0980998  0.132825  24.5007  0.592969  -1.84907  24.4234  7.0762  0.0292047  0.476044  7.05932  D+  20.694  0.71756  1.71319  20.5255  0  0  0  0  0  0  0  0  0  0  0  0  0  0  0  0  0  0
59889  s  1.58402  0.0290394  0.055065  4.07477  -0.0469842  0.436921  4.04963  6.6802  -0.223338  -0.00840349  6.67562  D0  35.8984  0.418529  -0.924198  35.8355  0  0  0  0  0  0  0  0  0  0  0  0  0  0  0  0  0  0
59998  s  3.44394  0.188955  0.224402  16.6689  1.96091  0.279452  16.5504  5.47925  -0.206315  -0.0218261  5.47431  D_s+  21.2898  -0.838796  0.0413928  21.182  0  0  0  0  0  0  0  0  0  0  0  0  0  0  0  0  0  0
60310  s  0.690042  0.00572539  0.0327779  5.93725  0.0661594  -0.242657  5.93098  2.57821  -0.0307255  0.197192  2.56831  D+  24.3572  -0.166182  0.385568  24.2817  0  0  0  0  0  0  0  0  0  0  0  0  0  0  0  0  0  0
60422  s  3.74656  0.16931  0.196139  5.93893  1.14798  0.56212  5.79878  11.529  -0.394755  -0.281283  11.5183  D+  23.1999  -0.777843  -0.336062  23.1089  0  0  0  0  0  0  0  0  0  0  0  0  0  0  0  0  0  0
60656  s  2.36555  0.0994742  0.139341  20.1413  -1.48903  0.147591  20.0853  8.00447  0.481422  -0.426155  7.97791  D+  16.9527  0.389261  -0.0147468  16.8448  0  0  0  0  0  0  0  0  0  0  0  0  0  0  0  0  0  0
61592  s  0.912846  0.0302878  0.112037  26.5475  0.589228  -0.467071  26.5367  3.06196  -0.0151095  0.147882  3.05652  Lambda_c+  16.8162  -1.30523  0.383515  16.6043  0  0  0  0  0  0  0  0  0  0  0  0  0  0  0  0  0  0
61810  s  2.24538  0.0784446  0.113369  16.072  -0.904122  -0.737541  16.0293  2.13187  0.255466  0.281022  2.0951  D+  19.1079  1.0768  -0.36185  18.9822  0  0  0  0  0  0  0  0  0  0  0  0  0  0  0  0  0  0
62521  s  1.02947  0.02168  0.0676931  24.0685  0.709249  0.00146625  24.0579  0.301232  0.00627775  0.0403704  0.279119  D+  15.2868  0.121358  -0.217871  15.1699  0  0  0  0  0  0  0  0  0  0  0  0  0  0  0  0  0  0
62830  s  1.70209  0.073565  0.130608  24.5446  -0.805778  -0.973903  24.5118  11.0178  -0.103318  -0.0983133  11.0163  D_s+  16.2817  0.490894  0.335103  16.1513  0  0  0  0  0  0  0  0  0  0  0  0  0  0  0  0  0  0
62932  s  3.38171  0.20784  0.248248  15.629  1.3591  -1.64315  15.4825  1.63378  0.05914  0.311149  1.5993  D+  17.6617  -0.0143342  2.19054  17.4253  0  0  0  0  0  0  0  0  0  0  0  0  0  0  0  0  0  0
63059  s  1.88094  0.0695712  0.113742  23.0193  -0.202881  1.25559  22.9839  11.2815  0.272138  -0.627204  11.2603  D+  18.6597  0.346219  -0.674861  18.5503  0  0  0  0  0  0  0  0  0  0  0  0  0  0  0  0  0  0
63958  s  0.736224  0.00916318  0.0471963  18.5967  -0.308289  -0.314684  18.5911  3.13411  0.0268714  -0.342903  3.11339  D0  20.6843  -0.369397  0.818335  20.5805  0  0  0  0  0  0  0  0  0  0  0  0  0  0  0  0  0  0
64013  s  1.86552  0.0868794  0.142932  33.5567  0.162459  1.54303  33.5207  4.03191  -0.402586  -0.466315  3.98317  Lambda_c+  13.2466  -0.0442981  -0.501098  13.038  0  0  0  0  0  0  0  0  0  0  0  0  0  0  0  0  0  0
64341  s  1.1846  0.0394489  0.102663  31.1626  -0.176081  -0.914931  31.1484  2.16266  -0.0258138  0.38351  2.1256  D0  15.9197  -0.00683417  0.394803  15.8052  0  0  0  0  0  0  0  0  0  0  0  0  0  0  0  0  0  0
64434  s  1.40098  0.045013  0.0965725  26.8823  -0.364831  0.956087  26.8626  7.36374  0.103951  -0.197496  7.3596  D+  18.5767  -0.283466  -0.743934  18.4652  0  0  0  0  0  0  0  0  0  0  0  0  0  0  0  0  0  0
64653  s  2.8262  0.0958637  0.122758  5.71776  -0.199253  0.924812  5.63797  4.22666  -0.176676  -0.334142  4.2084  D+  26.8065  0.814549  -0.947  26.7121  0  0  0  0  0  0  0  0  0  0  0  0  0  0  0  0  0  0
64840  s  1.7164  0.0410258  0.0723312  11.8522  0.428532  -0.709682  11.8227  5.04766  0.0188846  -0.0189929  5.04648  D0  26.7061  -0.583114  1.01532  26.6152  0  0  0  0  0  0  0  0  0  0  0  0  0  0  0  0  0  0
65203  s  1.11773  0.0269455  0.0754549  25.4114  -0.744071  0.272263  25.3988  0.536922  -0.113054  0.0145874  0.513933  D0  22.9197  1.20719  -0.0840577  22.8116  0  0  0  0  0  0  0  0  0  0  0  0  0  0  0  0  0  0
65587  s  2.35283  0.102018  0.143345  21.2021  0.321038  -1.49308  21.1468  4.07479  -0.217955  0.413081  4.04655  D0  21.791  0.554364  -0.0237851  21.7039  0  0  0  0  0  0  0  0  0  0  0  0  0  0  0  0  0  0
65673  s  0.949763  0.0112063  0.0391544  7.22363  -0.144443  0.315453  7.21451  0.40614  -0.0520015  -0.0941499  0.377117  D0  31.3394  0.442246  -0.463806  31.2773  0  0  0  0  0  0  0  0  0  0  0  0  0  0  0  0  0  0
66610  s  2.99428  0.157515  0.196754  16.0339  -0.181529  -1.75142  15.9366  1.53934  0.311427  -0.13808  1.49745  D_s+  18.8977  0.312806  0.749596  18.7773  0  0  0  0  0  0  0  0  0  0  0  0  0  0  0  0  0  0
67056  s  0.699928  0.00545827  0.0305254  2.28961  0.0273722  -0.104653  2.28461  12.8437  -0.0737367  -0.246352  12.8407  D0  37.731  0.160608  0.338237  37.6831  0  0  0  0  0  0  0  0  0  0  0  0  0  0  0  0  0  0
67878  s  1.1203  0.0219377  0.0612533  19.6314  -0.613252  -0.329519  19.6188  8.70936  0.349566  0.666663  8.67613  D_s+  24.2013  -0.178563  1.61289  24.0665  0  0  0  0  0  0  0  0  0  0  0  0  0  0  0  0  0  0
67912  s  2.39085  0.184083  0.256099  33.5712  -1.93862  -0.252354  33.5141  0.927169  0.209451  0.0804157  0.893388  D+  9.02411  1.47534  1.13759  8.6295  0  0  0  0  0  0  0  0  0  0  0  0  0  0  0  0  0  0
68443  s  1.64543  0.0422961  0.077415  14.9883  -0.61237  -0.773213  14.9554  1.38695  -0.115851  -0.247928  1.35557  Lambda_c+  13.4261  0.331168  -0.113706  13.2253  0  0  0  0  0  0  0  0  0  0  0  0  0  0  0  0  0  0
68624  s  2.98773  0.257711  0.321892  31.6605  -1.63709  -1.71664  31.5713  2.26116  -0.00094713  -0.236348  2.24629  D+  14.5198  0.479937  0.347192  14.3867  0  0  0  0  0  0  0  0  0  0  0  0  0  0  0  0  0  0
69514  s  2.60683  0.219422  0.291473  33.6148  -0.893328  -1.93688  33.5469  1.41052  0.428657  0.254128  1.31532  D+  9.33261  -0.613647  0.764616  9.0907  0  0  0  0  0  0  0  0  0  0  0  0  0  0  0  0  0  0
69731  s  2.73797  0.0878909  0.114176  5.62078  0.951648  0.00859859  5.53862  0.430667  0.0396486  0.0305757  0.414492  D0  25.5744  -0.0839005  0.185874  25.5055  0  0  0  0  0  0  0  0  0  0  0  0  0  0  0  0  0  0
70952  s  1.46919  0.0276727  0.0565034  8.5517  -0.582796  0.137117  8.53006  4.62851  0.422521  -0.0172338  4.60794  D+  21.0303  1.07056  -0.312354  20.9173  0  0  0  0  0  0  0  0  0  0  0  0  0  0  0  0  0  0
71863  s  2.51431  0.0928773  0.125824  13.847  0.824441  -1.02705  13.7838  3.94433  0.350839  -0.01792  3.92724  D0  24.2267  1.16305  1.39023  24.0867  0  0  0  0  0  0  0  0  0  0  0  0  0  0  0  0  0  0
72200  s  1.0436  0.0169671  0.0520114  15.9127  0.577718  -0.0655181  15.9017  6.90585  -0.692365  0.00807489  6.87024  D+  29.2117  -0.511406  0.116726  29.1471  0  0  0  0  0  0  0  0  0  0  0  0  0  0  0  0  0  0
72627  s  1.67743  0.0374804  0.0674274  16.8019  0.244577  1.08877  16.7645  2.17202  -0.539267  -0.122657  2.09777  D+  12.923  -0.152557  0.0770767  12.7859  0  0  0  0  0  0  0  0  0  0  0  0  0  0  0  0  0  0
72633  s  0.554673  0.00356888  0.0296679  4.17957  0.123996  -0.00623004  4.17639  13.642  0.229065  -0.0735132  13.6395  D+  35.017  0.0762388  0.0240539  34.967  0  0  0  0  0  0  0  0  0  0  0  0  0  0  0  0  0  0
72733  s  1.7491  0.0331376  0.0574907  0.920413  0.164661  0.131048  0.88978  14.2173  -0.403165  0.57304  14.1996  D+  40.1228  -0.539072  0.977099  40.0637  0  0  0  0  0  0  0  0  0  0  0  0  0  0  0  0  0  0
73533  s  1.15049  0.015108  0.040784  3.43155  -0.0690287  0.27438  3.41823  2.76518  -0.205287  -0.0886392  2.75409  D+  28.5977  -0.0429624  -0.569661  28.5308  0  0  0  0  0  0  0  0  0  0  0  0  0  0  0  0  0  0
73978  s  0.278368  0.00100377  0.0301496  8.21688  -0.0606287  -0.0348868  8.2159  21.2095  0.00425714  -0.160423  21.2087  D0  27.1107  0.67335  -0.224433  27.0372  0  0  0  0  0  0  0  0  0  0  0  0  0  0  0  0  0  0
74707  s  1.86875  0.0397497  0.0653355  3.30097  -0.191196  0.426384  3.26602  2.58153  -0.126109  0.0247408  2.57617  D+  31.5662  0.193716  0.195535  31.5096  0  0  0  0  0  0  0  0  0  0  0  0  0  0  0  0  0  0
74715  s  2.74091  0.180886  0.234663  27.9865  -1.54578  1.3398  27.9114  0.591275  -0.166491  -0.228148  0.508597  D+  8.88897  0.605831  -0.651508  8.64447  0  0  0  0  0  0  0  0  0  0  0  0  0  0  0  0  0  0
74756  d  2.50669  0.225672  0.225196  35.2811  1.54655  1.42274  35.2183  0.506628  -0.13867  0.209233  0.4272  omega  2.01319  -0.570586  -0.0409312  1.76181  0.435712  0.0547173  -0.132393  0.397693  omega  2.01319  -0.570586  -0.0409312  1.76181  0  0  0  0  0  0  0  0  0
74795  s  1.64553  0.0292834  0.0536014  0.843108  0.08758  -0.161767  0.815983  5.49368  -0.315812  -0.0341814  5.48347  D0  38.1547  0.404136  -0.674846  38.101  0  0  0  0  0  0  0  0  0  0  0  0  0  0  0  0  0  0
74886  cbar  2.60334  0.269877  0.269196  35.9116  -1.19937  -2.10499  35.8296  1.99914  0.0303819  0.312492  1.9715  Lambda_c+  6.59334  0.931967  -0.249798  6.10846  0  0  0  0  0  0  0  0  0  0  0  0  0  0  0  0  0  0
75465  s  1.86036  0.0743541  0.122607  21.416  1.07225  -0.79588  21.374  2.26202  0.177913  -0.311662  2.23087  D+  17.3745  -1.12022  -0.685312  17.2237  0  0  0  0  0  0  0  0  0  0  0  0  0  0  0  0  0  0
75551  s  1.02287  0.0331935  0.104544  27.7311  -0.424309  0.691731  27.719  2.15576  -0.37829  -0.161162  2.11355  D+  11.9934  0.522962  0.0213761  11.8352  0  0  0  0  0  0  0  0  0  0  0  0  0  0  0  0  0  0
75604  s  0.783766  0.00932837  0.0434922  15.0267  0.126471  -0.400409  15.0205  3.49662  0.12224  0.109313  3.49118  D0  20.3232  1.09081  0.363965  20.2048  0  0  0  0  0  0  0  0  0  0  0  0  0  0  0  0  0  0
76680  s  1.44511  0.0736063  0.152805  30.4094  -0.932462  -0.666534  30.3876  0.749532  -0.173756  0.333907  0.639491  Lambda_c+  14.4776  -0.15485  0.969003  14.2622  0  0  0  0  0  0  0  0  0  0  0  0  0  0  0  0  0  0
77240  s  1.84207  0.0484279  0.0805033  12.2825  -0.956934  -0.0760362  12.2445  1.99149  0.208513  -0.0665981  1.9766  D+  25.244  0.082551  -0.756581  25.1631  0  0  0  0  0  0  0  0  0  0  0  0  0  0  0  0  0  0
77322  s  0.990424  0.0301832  0.0993867  32.7999  -0.588144  0.540464  32.79  1.32539  -0.121831  0.283544  1.28462  D+  12.1611  0.223578  -0.485307  12.0047  0  0  0  0  0  0  0  0  0  0  0  0  0  0  0  0  0  0
77408  d  3.43128  0.234701  0.234186  23.3862  -0.903379  -2.15822  23.2686  3.92059  0.331893  0.216622  3.89908  eta  8.03994  0.394422  0.423543  8.00034  0.824593  -0.0205679  -0.0377685  0.816664  eta  8.03994  0.394422  0.423543  8.00034  0  0  0  0  0  0  0  0  0
77476  s  1.08512  0.0207159  0.0602893  19.8293  -0.0942853  0.670887  19.8175  5.55034  0.0845055  -0.208611  5.54477  D+  24.9332  1.14876  -1.34142  24.8002  0  0  0  0  0  0  0  0  0  0  0  0  0  0  0  0  0  0
77623  s  1.38567  0.0321809  0.0698703  18.3236  -0.016044  0.833232  18.3043  13.5175  0.253876  -0.940888  13.4819  D+  29.8945  -0.196191  -1.11983  29.8143  0  0  0  0  0  0  0  0  0  0  0  0  0  0  0  0  0  0
77824  s  1.37337  0.0321778  0.0705415  18.8823  -0.504253  -0.670092  18.8634  9.29894  0.491251  0.402573  9.27663  D_s+  28.6573  0.405744  0.673656  28.5787  0  0  0  0  0  0  0  0  0  0  0  0  0  0  0  0  0  0
77853  cbar  1.69953  0.091814  0.0917348  23.0622  0.166845  1.25256  23.0273  1.04485  0.0543274  -0.0627821  1.03617  Lambda_c+  11.7358  -0.302002  1.05568  11.4584  0  0  0  0  0  0  0  0  0  0  0  0  0  0  0  0  0  0
77991  s  1.75423  0.0483535  0.0836696  14.5562  -0.534538  -0.848148  14.5212  12.3199  1.24826  0.174061  12.2548  tau+  20.4259  1.07686  1.00467  20.2951  0  0  0  0  0  0  0  0  0  0  0  0  0  0  0  0  0  0
78021  s  1.50866  0.0268774  0.0534339  4.99207  0.396091  0.243402  4.96925  5.28254  -0.291312  0.454473  5.25382  D0  28.6196  -0.503185  -0.279881  28.553  0  0  0  0  0  0  0  0  0  0  0  0  0  0  0  0  0  0
78032  s  1.19098  0.0165368  0.0427619  4.41039  0.0986842  0.323567  4.39612  30.1745  0.30403  -0.195883  30.1721  D0  40.7591  0.571142  -0.0910475  40.7123  0  0  0  0  0  0  0  0  0  0  0  0  0  0  0  0  0  0
78033  s  0.885981  0.00893508  0.0345435  3.30303  -0.0940911  0.179966  3.29508  0.61092  -0.0131114  -0.0675664  0.597764  D+  26.9609  0.748339  0.426276  26.8822  0  0  0  0  0  0  0  0  0  0  0  0  0  0  0  0  0  0
78104  s  1.18252  0.0339562  0.0885641  28.1587  -0.377747  0.798383  28.1447  2.38211  -0.116291  0.36641  2.34851  D0  17.6217  0.0971045  -0.420735  17.5174  0  0  0  0  0  0  0  0  0  0  0  0  0  0  0  0  0  0
78501  d  1.51793  0.546017  0.543228  40.4731  -1.09615  -0.382583  40.4563  1.45748  0.357963  -0.20787  1.39346  mu+  1.54441  0.314182  -0.233283  1.49027  5.69992  0.633424  -0.472969  5.64384  mu-  6.24972  0.513182  -0.548946  6.20348  0  0  0  0  0  0  0  0  0
79017  s  1.62656  0.0404358  0.0747954  15.2516  0.52721  -0.720204  15.2251  8.8017  -0.924958  -0.0547072  8.75216  D+  25.4369  -1.01038  0.7127  25.338  0  0  0  0  0  0  0  0  0  0  0  0  0  0  0  0  0  0
79098  s  4.28701  0.279676  0.313095  10.1908  0.131433  1.56003  10.0693  5.88052  0.169889  -0.340426  5.86725  D+  28.4279  0.0533688  -1.37365  28.333  0  0  0  0  0  0  0  0  0  0  0  0  0  0  0  0  0  0
79115  s  0.818275  0.012225  0.0532989  20.7341  -0.509238  0.0823621  20.7274  2.84364  0.406838  -0.0796928  2.81127  Lambda_c+  23.4239  0.0858857  -0.662889  23.3024  0  0  0  0  0  0  0  0  0  0  0  0  0  0  0  0  0  0
79432  s  0.757861  0.00625636  0.0307635  1.19745  -0.0524185  -0.00659692  1.19161  12.5913  0.371312  0.200602  12.5837  D0  36.1598  0.519797  -0.312788  36.1066  0  0  0  0  0  0  0  0  0  0  0  0  0  0  0  0  0  0
79616  s  2.32337  0.136457  0.193088  20.091  1.44091  0.666321  20.0279  1.27894  -0.0585355  0.16254  1.2628  D0  13.2429  -1.08797  -0.0457291  13.0656  0  0  0  0  0  0  0  0  0  0  0  0  0  0  0  0  0  0
79801  s  2.63315  0.0911017  0.120562  15.4124  -1.32382  -0.945068  15.326  1.83915  0.0715596  0.083099  1.83284  D0  22.3189  1.01659  0.63164  22.2087  0  0  0  0  0  0  0  0  0  0  0  0  0  0  0  0  0  0
80220  s  0.392842  0.00180644  0.0281432  4.59336  0.0359771  0.052018  4.59171  15.7248  -0.275536  0.0628252  15.7219  D+  38.4418  -0.166282  -0.812024  38.3874  0  0  0  0  0  0  0  0  0  0  0  0  0  0  0  0  0  0
80388  s  0.67182  0.0125345  0.0750117  30.1827  -0.457007  -0.22498  30.1782  0.534614  0.00647568  -0.160641  0.498799  D+  10.7213  0.44012  -0.258252  10.5447  0  0  0  0  0  0  0  0  0  0  0  0  0  0  0  0  0  0
80434  s  1.35729  0.0936081  0.207752  39.6311  0.557583  1.06919  39.6126  1.28244  0.259279  -0.18705  1.23745  D+  8.17658  0.0768438  -1.27909  7.85614  0  0  0  0  0  0  0  0  0  0  0  0  0  0  0  0  0  0
80874  s  0.650423  0.0131167  0.0828679  32.9314  -0.499006  0.158489  32.9271  2.24278  0.450219  0.338842  2.16826  D+  6.68976  0.309916  0.113938  6.4147  0  0  0  0  0  0  0  0  0  0  0  0  0  0  0  0  0  0
81343  s  1.83041  0.0453513  0.0757751  10.7471  -0.710757  -0.450697  10.7136  1.17755  -0.0110512  0.277854  1.13936  D+  33.2375  0.202106  1.36268  33.1563  0  0  0  0  0  0  0  0  0  0  0  0  0  0  0  0  0  0
82106  s  0.703803  0.00565478  0.0313391  3.43908  -0.0784675  -0.131943  3.43403  3.28071  -0.327378  -0.157298  3.25883  D+  33.1252  1.28244  0.0393789  33.0475  0  0  0  0  0  0  0  0  0  0  0  0  0  0  0  0  0  0
82532  s  1.33232  0.0192496  0.0436416  0.978581  0.123972  -0.0895896  0.960761  5.28604  0.0466635  0.325255  5.27476  D+  36.0535  -0.0922004  0.128367  36.0047  0  0  0  0  0  0  0  0  0  0  0  0  0  0  0  0  0  0
82621  s  1.37844  0.0213147  0.0465452  2.61402  0.157994  -0.251386  2.59496  7.00044  -0.351774  0.289321  6.98481  D0  28.8356  -0.189778  0.100511  28.7745  0  0  0  0  0  0  0  0  0  0  0  0  0  0  0  0  0  0
82894  s  1.1384  0.0145985  0.0399386  2.81226  0.114175  -0.221301  2.79922  15.8938  0.286714  -0.357028  15.8868  D+  37.4662  -0.223384  0.170465  37.4185  0  0  0  0  0  0  0  0  0  0  0  0  0  0  0  0  0  0
82994  s  1.83608  0.0621853  0.103628  21.2294  -0.65423  -0.996186  21.1956  6.25394  0.213917  0.310802  6.24165  D+  25.5345  0.364729  0.195809  25.4626  0  0  0  0  0  0  0  0  0  0  0  0  0  0  0  0  0  0
83025  s  0.444147  0.00233124  0.0289204  5.0259  -0.0962519  -0.0216474  5.02382  10.7209  0.0905505  -0.0273887  10.72  D0  25.4331  -1.00645  0.139128  25.3443  0  0  0  0  0  0  0  0  0  0  0  0  0  0  0  0  0  0
83247  s  2.88352  0.101967  0.129437  6.66514  -0.11711  -1.03704  6.58208  5.2535  0.222507  0.392597  5.23301  D0  33.549  -0.367964  1.46264  33.4632  0  0  0  0  0  0  0  0  0  0  0  0  0  0  0  0  0  0
83252  s  2.59181  0.129496  0.17266  22.4751  -0.979937  1.42879  22.408  4.02684  0.0630766  0.00317161  4.02496  D0  20.4714  0.122621  0.318401  20.3834  0  0  0  0  0  0  0  0  0  0  0  0  0  0  0  0  0  0
83868  s  0.762128  0.018227  0.0888175  33.137  0.61502  -0.0443408  33.1311  7.6396  -0.330979  0.186509  7.62942  D0  13.6005  -0.923206  0.789608  13.4172  0  0  0  0  0  0  0  0  0  0  0  0  0  0  0  0  0  0
84008  s  1.28851  0.0231169  0.0544333  11.8461  0.294625  -0.544806  11.8294  22.8017  -0.147596  0.330422  22.7985  D0  31.8485  -0.681279  0.412153  31.7839  0  0  0  0  0  0  0  0  0  0  0  0  0  0  0  0  0  0
84052  s  1.14437  0.0142782  0.0388047  1.2426  0.0746617  0.12583  1.22942  0.300578  -0.0486683  -0.0785657  0.265785  D_s+  35.0462  -0.133435  0.164255  34.9902  0  0  0  0  0  0  0  0  0  0  0  0  0  0  0  0  0  0
84089  s  2.81003  0.160408  0.205806  22.5555  1.64687  1.10737  22.4678  1.33207  0.00939499  0.292623  1.2952  D+  13.8911  -0.515318  0.0188424  13.755  0  0  0  0  0  0  0  0  0  0  0  0  0  0  0  0  0  0
84535  s  1.32031  0.0349449  0.0800223  23.5353  0.883912  0.176282  23.5178  8.56963  -0.00947496  0.00286956  8.56897  D0  20.4791  -0.51287  0.326928  20.3849  0  0  0  0  0  0  0  0  0  0  0  0  0  0  0  0  0  0
84844  s  2.22275  0.0612078  0.0890311  7.10399  0.0907051  0.824653  7.05459  11.9665  -0.758285  -0.303057  11.9381  D+  24.4797  -0.0788125  -0.895823  24.3916  0  0  0  0  0  0  0  0  0  0  0  0  0  0  0  0  0  0
84880  s  2.49094  0.104321  0.142012  22.2109  -1.03507  1.34326  22.1458  9.35312  0.724018  0.0507224  9.32432  D+  18.3113  0.46187  -0.163732  18.209  0  0  0  0  0  0  0  0  0  0  0  0  0  0  0  0  0  0
85011  s  2.62832  0.0923306  0.122297  10.2481  -0.773023  0.895168  10.179  3.59031  0.236776  -0.705761  3.51069  D0  18.1959  0.3565  -0.80906  18.0785  0  0  0  0  0  0  0  0  0  0  0  0  0  0  0  0  0  0
85152  s  0.806745  0.0313446  0.139664  39.0537  0.318193  0.635133  39.0471  2.01693  -0.416476  -0.358476  1.93775  Lambda_c+  9.35692  -0.124901  -1.34003  8.97289  0  0  0  0  0  0  0  0  0  0  0  0  0  0  0  0  0  0
85203  s  2.15854  0.0705454  0.104543  14.9227  0.525912  -1.04914  14.8761  6.27359  0.265275  -0.265335  6.26147  D0  25.421  -0.807821  -0.197846  25.3389  0  0  0  0  0  0  0  0  0  0  0  0  0  0  0  0  0  0
85733  s  3.59867  0.155893  0.182711  5.84978  -0.775851  -0.939698  5.72047  5.73085  0.915493  -0.115033  5.6551  D+  16.1032  1.55235  0.144655  15.9182  0  0  0  0  0  0  0  0  0  0  0  0  0  0  0  0  0  0
86036  s  1.23841  0.0194965  0.0480906  8.19334  0.389955  0.297965  8.17795  5.14605  0.181859  0.138001  5.13989  D+  26.7975  0.348281  0.0720766  26.7299  0  0  0  0  0  0  0  0  0  0  0  0  0  0  0  0  0  0
86079  s  1.77955  0.0506315  0.0865636  16.7881  -1.02503  -0.040764  16.7564  12.059  -0.526597  0.0693891  12.0468  D+  26.4421  0.278541  -0.472602  26.3702  0  0  0  0  0  0  0  0  0  0  0  0  0  0  0  0  0  0
86226  s  5.63209  0.348735  0.372256  1.64746  -0.00648374  0.965213  1.3309  5.99515  -0.205757  0.24199  5.9858  D+  33.9168  -1.30664  -0.844763  33.8295  0  0  0  0  0  0  0  0  0  0  0  0  0  0  0  0  0  0
86518  d  6.09854  0.689074  0.684657  16.2143  2.94103  1.08308  15.9082  0.965953  0.242267  0.0575705  0.927304  mu-  1.25029  0.239811  0.118533  1.21676  2.46655  0.363103  0.048234  2.43691  mu+  2.99922  0.348401  0.129713  2.97421  0  0  0  0  0  0  0  0  0
86538  s  1.40032  0.0596354  0.127992  19.1112  0.766304  -0.5883  19.0865  6.5897  -0.250093  0.397085  6.57212  D0  17.7141  -1.79186  0.699509  17.5103  0  0  0  0  0  0  0  0  0  0  0  0  0  0  0  0  0  0
86763  s  4.76363  0.247079  0.270951  2.90381  -0.386084  -1.08246  2.66462  4.00015  0.268368  0.126502  3.98773  D+  28.5221  0.525852  0.263101  28.4547  0  0  0  0  0  0  0  0  0  0  0  0  0  0  0  0  0  0
86853  cbar  1.89413  0.0648214  0.064782  13.1713  -0.673062  -0.8206  13.1281  1.39578  -0.286595  0.592298  1.22641  Lambda_c+  5.45108  -0.801526  0.678949  4.83559  0  0  0  0  0  0  0  0  0  0  0  0  0  0  0  0  0  0
87133  s  1.16777  0.0168815  0.0447279  7.07162  0.351175  0.24354  7.05791  19.7666  0.159892  -0.885295  19.7459  D0  35.7266  0.183019  -0.741382  35.6698  0  0  0  0  0  0  0  0  0  0  0  0  0  0  0  0  0  0
87315  d  1.19653  0.0772555  0.0771992  40.2432  0.0508317  1.06985  40.2288  3.1786  0.111159  -0.373829  3.15281  eta  6.26275  0.180633  -0.449066  6.21994  0.793582  0.0197178  -0.11723  0.777481  eta  6.26275  0.180633  -0.449066  6.21994  0  0  0  0  0  0  0  0  0
87931  s  0.873459  0.0172354  0.0680542  26.53  -0.414756  -0.475937  26.5223  4.80777  0.389956  0.0833959  4.79004  D0  17.9149  -0.108246  -0.00681844  17.8172  0  0  0  0  0  0  0  0  0  0  0  0  0  0  0  0  0  0
88015  s  0.725141  0.00810983  0.0428081  15.5665  0.199933  -0.340029  15.5611  8.67075  -0.801993  0.288876  8.62809  D+  25.9352  -1.07512  0.923275  25.8289  0  0  0  0  0  0  0  0  0  0  0  0  0  0  0  0  0  0
88207  cbar  1.73503  0.0381602  0.0381465  10.6847  0.501577  -0.680266  10.6507  0.852566  0.079789  0.069204  0.839375  D0  3.48001  0.151187  0.353364  2.91291  0  0  0  0  0  0  0  0  0  0  0  0  0  0  0  0  0  0
88316  s  1.70599  0.0374198  0.0663254  3.99872  0.128847  0.470533  3.96745  10.5153  0.565694  -0.507093  10.4873  D0  33.139  0.541654  -0.999449  33.067  0  0  0  0  0  0  0  0  0  0  0  0  0  0  0  0  0  0
88413  s  0.910628  0.0185873  0.0690084  26.3439  0.213836  0.6203  26.3355  3.50507  0.0261044  -0.197897  3.49779  D0  18.4468  -0.386268  -0.278994  18.3462  0  0  0  0  0  0  0  0  0  0  0  0  0  0  0  0  0  0
88595  s  0.45567  0.00233708  0.0276617  2.77429  0.0267767  -0.0150234  2.7721  1.27346  0.135493  -0.231421  1.24042  D+  25.5093  0.0908052  -1.04928  25.4189  0  0  0  0  0  0  0  0  0  0  0  0  0  0  0  0  0  0
89817  s  1.5284  0.0344671  0.0676434  14.002  0.581578  -0.552988  13.9786  3.77639  -0.335236  0.439917  3.73418  D+  17.9437  0.310766  0.763811  17.827  0  0  0  0  0  0  0  0  0  0  0  0  0  0  0  0  0  0
90184  d  2.40003  0.193646  0.193295  33.6009  0.786596  0.336751  33.5899  7.52578  0.0844451  -1.09338  7.44471  mu+  7.26049  -0.0874164  -0.982032  7.19247  0.584069  0.119816  -0.129789  0.546599  mu-  0.510752  0.0965071  -0.112995  0.477097  0  0  0  0  0  0  0  0  0
90358  s  2.29006  0.0600457  0.0857589  3.57596  -0.520396  -0.300426  3.52353  13.1167  -0.450948  0.241875  13.1063  D+  20.6167  -0.678761  -0.0850754  20.5204  0  0  0  0  0  0  0  0  0  0  0  0  0  0  0  0  0  0
90387  s  2.00427  0.049547  0.0772625  10.2368  -1.0624  0.00459835  10.181  4.01181  -0.340288  0.160166  3.99274  D+  23.7971  0.345714  -0.380132  23.718  0  0  0  0  0  0  0  0  0  0  0  0  0  0  0  0  0  0
90423  s  0.486127  0.00299338  0.0314925  8.0482  -0.0703453  -0.153698  8.04573  4.89261  0.435704  0.03479  4.8719  Lambda_c+  30.0189  0.216045  0.424473  29.9279  0  0  0  0  0  0  0  0  0  0  0  0  0  0  0  0  0  0
90693  s  1.00266  0.0144168  0.0466762  12.9582  -0.499498  0.0452745  12.9481  0.339232  0.015739  -0.094067  0.307926  D_s+  25.8562  -0.393309  -0.70546  25.7685  0  0  0  0  0  0  0  0  0  0  0  0  0  0  0  0  0  0
90736  s  2.69517  0.133232  0.174283  26.6605  -1.9945  0.302914  26.5838  2.44109  0.33478  0.303696  2.39655  D+  13.5827  1.00956  -0.101108  13.415  0  0  0  0  0  0  0  0  0  0  0  0  0  0  0  0  0  0
91965  s  1.89364  0.0518799  0.0843914  12.4023  -0.33412  -0.840432  12.3688  12.6001  -0.0902333  0.0565918  12.5992  D+  23.1878  0.290976  1.48217  23.0629  0  0  0  0  0  0  0  0  0  0  0  0  0  0  0  0  0  0
92283  s  0.513439  0.00304954  0.0290766  4.05231  -0.0800194  -0.0681378  4.04957  9.4381  0.483599  0.303966  9.42021  D0  29.4385  -0.0757348  0.193451  29.3786  0  0  0  0  0  0  0  0  0  0  0  0  0  0  0  0  0  0
92487  s  1.52452  0.0289433  0.0569476  4.23869  0.468526  0.0216584  4.21133  2.38324  -0.0230355  0.454122  2.33708  D0  27.6262  -0.286284  0.47423  27.5576  0  0  0  0  0  0  0  0  0  0  0  0  0  0  0  0  0  0
92507  s  1.39175  0.0404155  0.0873295  24.5791  -0.950222  -0.202317  24.5597  10.2687  0.438555  -0.330414  10.2535  D+  21.1449  1.72216  0.0555889  20.9915  0  0  0  0  0  0  0  0  0  0  0  0  0  0  0  0  0  0
92636  s  1.18496  0.0188906  0.0491522  6.12144  -0.126882  -0.399991  6.10613  1.50555  0.073117  -0.0868057  1.49754  D+  32.337  0.663374  -0.0319172  32.2761  0  0  0  0  0  0  0  0  0  0  0  0  0  0  0  0  0  0
92718  s  2.58474  0.0724997  0.0968505  1.01225  -0.32172  0.126629  0.945491  1.91486  0.128958  -0.293994  1.88479  D0  26.2402  0.971126  -0.166288  26.1553  0  0  0  0  0  0  0  0  0  0  0  0  0  0  0  0  0  0
92851  s  1.445  0.0284074  0.0590029  10.9497  -0.653475  -0.141374  10.9287  6.7049  0.0891795  0.135914  6.7021  D+  20.8312  0.564875  0.751451  20.7258  0  0  0  0  0  0  0  0  0  0  0  0  0  0  0  0  0  0
93844  s  1.01934  0.0143472  0.0454093  11.5258  0.0761202  -0.47376  11.5154  0.89858  -0.312993  -0.0960485  0.830115  D_s+  17.0947  -0.406265  -0.2616  16.9742  0  0  0  0  0  0  0  0  0  0  0  0  0  0  0  0  0  0
93891  s  1.73152  0.0732224  0.128085  18.9641  0.754849  -0.813314  18.9314  2.24931  -0.435345  0.26774  2.18792  D0  16.6935  -0.190741  0.793278  16.569  0  0  0  0  0  0  0  0  0  0  0  0  0  0  0  0  0  0
94076  s  1.16782  0.0186546  0.0494225  11.1601  0.47338  -0.265944  11.1464  5.26013  0.233832  -0.184313  5.25064  D0  27.9267  -0.386932  0.358411  27.8594  0  0  0  0  0  0  0  0  0  0  0  0  0  0  0  0  0  0
94412  s  2.35873  0.0666586  0.0935578  1.56458  0.24999  -0.432364  1.47895  1.86316  0.274583  0.211852  1.82755  D0  18.0449  1.0021  0.681698  17.9073  0  0  0  0  0  0  0  0  0  0  0  0  0  0  0  0  0  0
94752  s  0.701142  0.00857835  0.0478366  19.5801  -0.00918979  -0.430283  19.5751  3.08415  0.293404  -0.136361  3.06531  D0  26.9575  -0.0198207  -0.14702  26.8925  0  0  0  0  0  0  0  0  0  0  0  0  0  0  0  0  0  0
95195  s  1.68314  0.0343179  0.0615539  14.647  -0.911912  0.329365  14.6145  0.711111  -0.192243  0.207501  0.643818  D0  19.8844  -0.397681  0.354071  19.7895  0  0  0  0  0  0  0  0  0  0  0  0  0  0  0  0  0  0
95433  s  2.9197  0.173473  0.218903  23.9313  1.79293  -0.917999  23.8461  13.3736  -0.739413  1.3572  13.2835  D+  21.5676  -1.53381  1.55628  21.375  0  0  0  0  0  0  0  0  0  0  0  0  0  0  0  0  0  0
95510  s  0.838943  0.0158283  0.0664183  26.5023  -0.0239042  -0.648823  26.4941  4.63882  -0.563627  -0.331206  4.5913  Lambda_c+  17.9877  -1.29024  -0.0699814  17.7949  0  0  0  0  0  0  0  0  0  0  0  0  0  0  0  0  0  0
95599  s  1.95779  0.0906249  0.143701  27.5802  1.42361  0.275885  27.5418  3.20242  -0.503114  0.0295257  3.16075  D0  19.6933  -1.41444  0.132725  19.5533  0  0  0  0  0  0  0  0  0  0  0  0  0  0  0  0  0  0
96272  s  1.27881  0.0243459  0.0578291  14.3235  0.677545  0.00763533  14.3071  7.50785  -0.200928  -0.18535  7.50213  D+  15.8763  -0.158669  0.256546  15.7629  0  0  0  0  0  0  0  0  0  0  0  0  0  0  0  0  0  0
96285  s  2.04222  0.14255  0.21916  34.5276  -0.0163088  1.69345  34.4858  1.02909  -0.336324  -0.237667  0.937154  D0  11.8668  0.280476  -2.54638  11.4359  0  0  0  0  0  0  0  0  0  0  0  0  0  0  0  0  0  0
97521  s  0.663345  0.0114891  0.0702287  29.7091  -0.0192347  0.505866  29.7046  0.947123  -0.0260889  -0.130609  0.93174  Lambda_c+  17.5514  -0.392189  -1.1645  17.3584  0  0  0  0  0  0  0  0  0  0  0  0  0  0  0  0  0  0
97607  s  0.978661  0.0183836  0.0615594  22.2834  0.636279  0.120732  22.2738  3.37818  0.100709  0.0738162  3.37422  D+  13.3071  -0.310039  0.155552  13.1705  0  0  0  0  0  0  0  0  0  0  0  0  0  0  0  0  0  0
97622  s  1.56748  0.0425501  0.0814826  19.3473  0.744799  0.621524  19.3227  6.13569  -0.12636  0.395508  6.12071  D0  20.4192  -0.115826  0.4163  20.3293  0  0  0  0  0  0  0  0  0  0  0  0  0  0  0  0  0  0
97917  s  2.71379  0.0817779  0.10668  2.12788  0.354608  -0.413315  2.0543  8.93664  0.250617  0.258977  8.92874  Lambda_c+  45.7578  -0.296999  1.32822  45.6804  0  0  0  0  0  0  0  0  0  0  0  0  0  0  0  0  0  0
97981  s  2.92205  0.107637  0.135864  5.58085  1.22491  -0.377196  5.43066  0.274174  -0.075572  0.157273  0.183198  D+  17.0825  -1.2675  0.733345  16.9166  0  0  0  0  0  0  0  0  0  0  0  0  0  0  0  0  0  0
98424  s  2.4596  0.121724  0.166806  23.6341  -0.353886  -1.64864  23.5737  0.904565  -0.0304954  -0.168925  0.881821  Lambda_c+  25.1347  0.0730906  0.719774  25.0201  0  0  0  0  0  0  0  0  0  0  0  0  0  0  0  0  0  0
98610  s  1.44201  0.0374021  0.0778453  20.492  0.61701  0.680049  20.4711  7.39604  -0.878749  -0.0834621  7.34242  D0  22.7254  -1.26264  -0.432733  22.6094  0  0  0  0  0  0  0  0  0  0  0  0  0  0  0  0  0  0
99092  s  2.12039  0.0861792  0.129202  22.3172  1.14581  0.825179  22.2723  0.376265  0.0446375  -0.0833905  0.348519  D+  23.2178  -1.47963  -1.04609  23.0713  0  0  0  0  0  0  0  0  0  0  0  0  0  0  0  0  0  0
99252  s  1.81219  0.110483  0.185987  34.2789  1.10532  1.00984  34.2461  5.57325  -0.488434  -0.648617  5.51277  D+  11.0889  -0.676893  -0.246478  10.9064  0  0  0  0  0  0  0  0  0  0  0  0  0  0  0  0  0  0
