92  s  1.08039  0.0230973  0.0675969  4.69258  0.361739  -0.180277  4.67395  0.147689  -0.0071153  -0.0101151  0.102446  Lambda_c+  25.2405  -0.387254  0.422461  25.1302  0  0  0  0  0  0  0  0  0  0  0  0  0  0  0  0  0  0
637  s  0.97713  0.0167767  0.0562977  1.29507  0.0148287  0.167159  1.2798  11.5654  0.590276  -0.151271  11.5488  D0  15.4456  0.0714879  -0.258878  15.3303  0  0  0  0  0  0  0  0  0  0  0  0  0  0  0  0  0  0
1553  s  3.04615  0.1792  0.222062  4.0294  -0.787756  -0.728318  3.88251  7.70511  -0.0321768  0.53913  7.68543  D0  19.0331  -0.397795  -0.0942446  18.9371  0  0  0  0  0  0  0  0  0  0  0  0  0  0  0  0  0  0
2563  s  2.98079  0.247084  0.308522  9.79736  -1.70913  -0.402842  9.63814  1.13241  -0.0332227  -0.0497997  1.12587  D+  14.9045  1.27157  0.40602  14.7264  0  0  0  0  0  0  0  0  0  0  0  0  0  0  0  0  0  0
2882  s  1.27668  0.0510253  0.12137  14.6001  -0.162993  -0.848078  14.5741  3.80034  0.136304  0.370012  3.77835  Lambda_c+  14.921  0.323698  0.783697  14.7204  0  0  0  0  0  0  0  0  0  0  0  0  0  0  0  0  0  0
3690  s  1.01209  0.0264269  0.0844415  10.9673  -0.219484  -0.547285  10.9509  2.21801  0.710011  0.483818  2.0421  D+  10.2206  1.87855  0.759065  9.8417  0  0  0  0  0  0  0  0  0  0  0  0  0  0  0  0  0  0
3918  s  0.758868  0.010171  0.0499021  1.45044  0.122663  -0.0250883  1.44116  5.29198  -0.0545151  -0.377229  5.27718  D+  26.99  -0.212526  -0.0217913  26.9244  0  0  0  0  0  0  0  0  0  0  0  0  0  0  0  0  0  0
4128  s  1.18  0.0356162  0.093119  10.7203  0.0772687  -0.674755  10.6982  2.40981  -0.192215  0.60089  2.32336  D+  18.1029  0.48058  1.68939  17.9202  0  0  0  0  0  0  0  0  0  0  0  0  0  0  0  0  0  0
4171  s  1.60519  0.0496069  0.0928564  3.94355  0.543922  -0.118431  3.90264  7.83313  -0.340791  0.450558  7.81202  Lambda_c+  20.2364  -0.603611  0.734204  20.0843  0  0  0  0  0  0  0  0  0  0  0  0  0  0  0  0  0  0
4547  s  0.831033  0.0131082  0.0558033  5.92292  0.171963  -0.371221  5.90783  3.14319  0.221071  -0.393306  3.10884  D0  13.8465  -0.0752929  -0.308516  13.7166  0  0  0  0  0  0  0  0  0  0  0  0  0  0  0  0  0  0
4655  s  2.1479  0.0909492  0.135123  8.43022  -1.07775  -0.740687  8.3275  1.25254  0.0283627  0.00677348  1.24773  D0  10.0946  0.294976  0.370739  9.9095  0  0  0  0  0  0  0  0  0  0  0  0  0  0  0  0  0  0
4928  s  1.06563  0.0213702  0.0636924  3.30585  0.324519  0.0554475  3.28772  13.9577  -0.13315  1.0153  13.9197  D+  18.3102  -0.117951  0.680775  18.2014  0  0  0  0  0  0  0  0  0  0  0  0  0  0  0  0  0  0
5028  s  0.610919  0.00676373  0.0475345  2.21773  -0.0582136  -0.111209  2.21165  10.9188  -0.127885  -0.143739  10.9166  D0  19.7758  0.208393  -0.432244  19.6818  0  0  0  0  0  0  0  0  0  0  0  0  0  0  0  0  0  0
5335  s  1.1753  0.0793992  0.208483  22.3519  -0.0820147  -0.982789  22.3299  3.0194  0.299012  0.673625  2.92617  D+  7.72881  0.429002  1.03328  7.41534  0  0  0  0  0  0  0  0  0  0  0  0  0  0  0  0  0  0
5409  s  1.74427  0.0723445  0.12571  3.86536  -0.100862  0.739773  3.79109  6.61317  -0.555536  0.36302  6.57894  D+  17.1296  -0.752763  -0.803578  16.9916  0  0  0  0  0  0  0  0  0  0  0  0  0  0  0  0  0  0
5686  s  2.34692  0.0963147  0.135465  1.14766  0.340964  -0.255478  1.0604  4.2966  -0.43587  0.00583059  4.27312  D0  18.5974  -0.13582  0.898912  18.4813  0  0  0  0  0  0  0  0  0  0  0  0  0  0  0  0  0  0
5705  s  0.676751  0.00822412  0.048621  1.94645  0.0125026  -0.132296  1.93904  4.79195  0.133513  -0.236317  4.7831  D0  21.7289  0.308568  0.150931  21.646  0  0  0  0  0  0  0  0  0  0  0  0  0  0  0  0  0  0
6010  s  1.74617  0.0800806  0.139008  11.3326  -0.911879  0.501672  11.2842  4.15368  0.305284  0.544059  4.1052  Lambda_c+  20.1398  1.4462  -0.186519  19.9564  0  0  0  0  0  0  0  0  0  0  0  0  0  0  0  0  0  0
6618  s  1.79114  0.0769448  0.130759  9.40391  -0.422463  -0.874719  9.35301  4.1703  0.146534  0.478709  4.13879  D+  13.2453  0.552837  0.716432  13.0815  0  0  0  0  0  0  0  0  0  0  0  0  0  0  0  0  0  0
6879  s  1.79116  0.0701222  0.119176  7.24163  0.82318  0.214166  7.19072  4.67738  0.398722  0.0597079  4.65877  D+  17.2797  -0.374949  0.175782  17.1732  0  0  0  0  0  0  0  0  0  0  0  0  0  0  0  0  0  0
8155  s  1.46365  0.0429849  0.0880752  5.06466  -0.262134  0.513665  5.03061  2.85063  0.302579  0.320961  2.81431  D0  10.9513  0.661782  -0.253877  10.768  0  0  0  0  0  0  0  0  0  0  0  0  0  0  0  0  0  0
8222  s  1.32029  0.0374445  0.0857283  6.81479  -0.0294111  0.604371  6.78705  0.154735  0.0469775  0.0366461  0.0960684  D_s+  18.446  -0.422768  -1.31116  18.2888  0  0  0  0  0  0  0  0  0  0  0  0  0  0  0  0  0  0
8726  s  1.5377  0.0505312  0.0985408  6.68692  -0.466188  0.52197  6.64935  2.74202  -0.0996711  -0.48514  2.69485  D+  15.9367  0.910132  -0.111302  15.8001  0  0  0  0  0  0  0  0  0  0  0  0  0  0  0  0  0  0
8729  s  1.36321  0.10777  0.237872  21.5398  -1.01424  -0.58171  21.5078  1.09128  0.0769597  0.118858  1.07689  D0  4.90925  0.397282  0.388774  4.50711  0  0  0  0  0  0  0  0  0  0  0  0  0  0  0  0  0  0
8932  s  1.67596  0.0670398  0.120621  9.29538  0.448652  -0.783895  9.25079  0.628295  0.046365  -0.116474  0.606527  D+  10.9835  0.275677  0.2322  10.8172  0  0  0  0  0  0  0  0  0  0  0  0  0  0  0  0  0  0
9053  s  1.52394  0.0464497  0.0913883  4.97914  -0.532779  -0.266551  4.94225  6.79218  1.05033  -0.00743979  6.70964  D_s+  19.3  1.17591  0.653807  19.1521  0  0  0  0  0  0  0  0  0  0  0  0  0  0  0  0  0  0
9390  s  0.651991  0.00736915  0.0463686  0.882548  -0.0143017  0.0275531  0.875651  3.15241  -0.30142  0.103263  3.13449  D+  19.9628  0.262798  0.0293461  19.8733  0  0  0  0  0  0  0  0  0  0  0  0  0  0  0  0  0  0
10057  s  2.02213  0.100704  0.155883  9.98335  1.12994  0.0441089  9.91854  0.812219  -0.364223  0.102737  0.71086  D_s+  16.0284  -0.994047  -0.619034  15.8639  0  0  0  0  0  0  0  0  0  0  0  0  0  0  0  0  0  0
10340  s  0.952761  0.0158713  0.0551974  1.14402  -0.0229946  -0.146082  1.12949  8.07358  -0.185746  -0.0841442  8.07032  D+  16.1363  0.343891  0.0891685  16.0237  0  0  0  0  0  0  0  0  0  0  0  0  0  0  0  0  0  0
10363  s  0.530533  0.00542389  0.0487777  3.96896  0.150262  -0.0544382  3.96433  4.99166  -0.240562  0.580025  4.95088  D0  17.277  -1.45394  0.691902  17.1004  0  0  0  0  0  0  0  0  0  0  0  0  0  0  0  0  0  0
10735  s  0.96866  0.0213928  0.0726684  8.2497  0.415526  -0.252279  8.23469  4.41316  -0.0944729  0.503542  4.38205  Lambda_c+  18.1908  -0.652752  0.353003  18.0312  0  0  0  0  0  0  0  0  0  0  0  0  0  0  0  0  0  0
10850  s  1.36369  0.0321532  0.0710212  0.801552  -0.146358  0.118155  0.771972  2.94353  0.369894  -0.139172  2.91496  D+  23.5403  0.649277  0.0261031  23.457  0  0  0  0  0  0  0  0  0  0  0  0  0  0  0  0  0  0
10983  s  1.22265  0.0298826  0.0748265  4.96465  0.350609  0.319038  4.94084  3.74692  -0.171292  -0.105227  3.74003  Lambda_c+  23.0577  -1.71213  -1.07485  22.8548  0  0  0  0  0  0  0  0  0  0  0  0  0  0  0  0  0  0
11576  s  2.10872  0.118428  0.178038  13.9934  1.31741  0.596897  13.9181  4.04341  -0.208041  -0.19294  4.03206  D+  12.0515  -1.29571  -0.266445  11.8318  0  0  0  0  0  0  0  0  0  0  0  0  0  0  0  0  0  0
12363  s  0.948923  0.0169459  0.0592741  3.3063  -0.102611  -0.270948  3.29188  6.71801  -0.192961  -0.169708  6.71226  D_s+  21.2104  -0.528492  -0.144489  21.1118  0  0  0  0  0  0  0  0  0  0  0  0  0  0  0  0  0  0
12634  s  1.85396  0.135352  0.223505  18.0903  0.823642  1.13143  18.0358  2.71664  -0.78161  -0.100734  2.59767  Lambda_c+  11.6735  -0.554974  -1.18392  11.3724  0  0  0  0  0  0  0  0  0  0  0  0  0  0  0  0  0  0
12668  s  1.46095  0.0536143  0.110045  10.4084  0.214257  -0.804963  10.3745  6.49296  -0.635547  0.998677  6.38326  D+  17.9425  -1.68844  1.56323  17.6959  0  0  0  0  0  0  0  0  0  0  0  0  0  0  0  0  0  0
12726  d  1.33168  0.0325167  0.0325009  2.55998  -0.34212  0.124336  2.53176  0.165307  0.104031  0.0706274  -0.0187557  eta  0.565316  0.0332433  0.115276  -0.0710589  0.188634  0.128688  0.0886223  0.00205794  eta  0.565316  0.0332433  0.115276  -0.0710589  0  0  0  0  0  0  0  0  0
13587  s  1.79047  0.0623615  0.106032  4.22872  -0.236534  -0.600401  4.17786  0.907274  0.00133275  0.283544  0.855326  D+  17.9824  -0.695846  0.37434  17.8675  0  0  0  0  0  0  0  0  0  0  0  0  0  0  0  0  0  0
14198  s  1.52091  0.111053  0.218711  20.5229  -1.00513  -0.696901  20.4861  1.48615  0.551965  0.236413  1.35533  D+  7.99446  0.862437  -0.568153  7.70385  0  0  0  0  0  0  0  0  0  0  0  0  0  0  0  0  0  0
14250  s  0.524123  0.00492719  0.0452804  1.91235  0.0581624  -0.0521562  1.90783  0.51635  -0.0864316  -0.182095  0.463491  D+  24.0002  0.875436  -0.242117  23.91  0  0  0  0  0  0  0  0  0  0  0  0  0  0  0  0  0  0
14794  s  0.944271  0.0272382  0.0959324  14.1784  0.399317  0.483697  14.1641  0.504893  -0.175655  0.0607544  0.457392  D+  12.0066  0.105709  -0.988739  11.8183  0  0  0  0  0  0  0  0  0  0  0  0  0  0  0  0  0  0
16649  s  2.16921  0.0869611  0.128377  2.78783  0.568478  -0.275537  2.71325  6.9859  0.061354  0.396888  6.97355  D0  17.9265  0.0511841  -0.118529  17.8288  0  0  0  0  0  0  0  0  0  0  0  0  0  0  0  0  0  0
17015  d  2.89826  0.281479  0.280307  4.67426  0.129243  0.574195  4.63585  13.232  -2.23065  -0.468501  13.0338  mu-  13.551  -1.4249  -1.02583  13.4363  9.23828  0.119594  0.98976  9.18372  mu+  10.658  0.667674  0.582095  10.6206  0  0  0  0  0  0  0  0  0
17297  s  1.73811  0.0561305  0.0978536  1.8719  -0.424166  -0.320404  1.79173  4.20496  0.278223  0.684673  4.13816  D+  15.8574  -0.0306504  0.944067  15.7185  0  0  0  0  0  0  0  0  0  0  0  0  0  0  0  0  0  0
17306  s  2.38557  0.111334  0.155094  6.28437  1.01947  -0.414976  6.18633  5.9442  -0.344011  0.381364  5.92103  D0  16.9374  -0.609248  -0.891476  16.7998  0  0  0  0  0  0  0  0  0  0  0  0  0  0  0  0  0  0
17846  s  0.594063  0.00914736  0.0674574  11.0634  -0.25199  -0.229516  11.0576  2.77338  0.433788  0.201161  2.7298  D+  17.0382  0.246277  0.62622  16.922  0  0  0  0  0  0  0  0  0  0  0  0  0  0  0  0  0  0
18971  s  0.626619  0.00684322  0.046052  1.04633  -0.0376221  0.0272236  1.03994  3.94916  -0.346309  0.122386  3.93062  D+  20.2239  0.179543  -0.16974  20.1357  0  0  0  0  0  0  0  0  0  0  0  0  0  0  0  0  0  0
19073  s  0.683751  0.00894484  0.0519864  3.77024  -0.194244  -0.0901044  3.76267  1.37788  -0.278489  0.116693  1.34023  D_s+  18.3755  -0.234392  -0.183511  18.2673  0  0  0  0  0  0  0  0  0  0  0  0  0  0  0  0  0  0
19492  s  1.59467  0.0520026  0.0979381  5.56374  0.320401  -0.577864  5.52336  0.664725  -0.0174642  0.104374  0.647685  D0  18.0076  -0.283352  1.04806  17.8778  0  0  0  0  0  0  0  0  0  0  0  0  0  0  0  0  0  0
19644  s  1.68313  0.086173  0.154416  14.1039  1.0181  0.467717  14.0589  4.83235  0.0772691  0.539111  4.8004  D+  14.0075  -0.590406  0.752677  13.8492  0  0  0  0  0  0  0  0  0  0  0  0  0  0  0  0  0  0
20283  s  2.13394  0.0809668  0.120827  1.6521  0.40394  0.242783  1.57992  0.729198  0.0349369  -0.270158  0.668101  D_s+  19.2567  -0.440056  -0.714382  19.1375  0  0  0  0  0  0  0  0  0  0  0  0  0  0  0  0  0  0
20523  s  1.14913  0.0352105  0.0951554  11.6376  -0.267711  0.637804  11.6165  0.249529  0.020132  -0.0934057  0.204868  D0  14.3591  -0.0956875  -0.754704  14.2171  0  0  0  0  0  0  0  0  0  0  0  0  0  0  0  0  0  0
20939  s  1.73328  0.0987732  0.172495  15.4145  -0.796491  0.906655  15.3668  8.188  0.0196  -0.919966  8.13545  D0  14.1287  0.835327  -0.465048  13.9724  0  0  0  0  0  0  0  0  0  0  0  0  0  0  0  0  0  0
21098  s  0.43331  0.0037711  0.0489592  5.09068  -0.0658639  -0.128494  5.08754  6.91922  -0.227972  -0.204534  6.91163  Lambda_c+  18.7907  -1.39252  1.16207  18.5627  0  0  0  0  0  0  0  0  0  0  0  0  0  0  0  0  0  0
21856  s  0.609199  0.00867238  0.0612421  8.81824  0.305681  -0.0442986  8.81219  10.5048  0.296432  0.451174  10.4904  D0  16.4975  0.738662  0.49033  16.3678  0  0  0  0  0  0  0  0  0  0  0  0  0  0  0  0  0  0
22237  s  1.62695  0.0476145  0.0880256  1.9982  0.219796  0.326685  1.95617  2.59501  -0.0909519  0.269574  2.57721  D+  21.6625  -0.710985  -0.226638  21.5688  0  0  0  0  0  0  0  0  0  0  0  0  0  0  0  0  0  0
22680  s  3.55156  0.249897  0.293384  6.58498  -0.836715  1.41602  6.37538  14.0207  0.072885  -1.52835  13.9366  D0  21.4747  0.343141  -1.31824  21.3501  0  0  0  0  0  0  0  0  0  0  0  0  0  0  0  0  0  0
22918  s  1.9328  0.0701232  0.112241  3.23344  -0.506431  -0.334626  3.17419  1.79432  0.195581  0.17109  1.77226  D0  12.43  0.266403  -0.0350695  12.2863  0  0  0  0  0  0  0  0  0  0  0  0  0  0  0  0  0  0
23339  s  1.70839  0.0528755  0.0935644  2.20821  0.423714  0.108359  2.16189  0.457662  0.0362338  -0.117709  0.427928  D+  25.0104  -0.0814481  -0.0372475  24.9402  0  0  0  0  0  0  0  0  0  0  0  0  0  0  0  0  0  0
23360  s  0.394638  0.00286319  0.0442263  2.63672  0.00868006  -0.0516734  2.63408  13.0299  0.415295  0.0653949  13.0226  D+  18.9494  0.148194  0.186806  18.8554  0  0  0  0  0  0  0  0  0  0  0  0  0  0  0  0  0  0
23695  s  3.56545  0.268214  0.314434  6.36536  -0.9798  1.24479  6.16418  1.09526  -0.379085  -0.0680501  1.01986  D+  8.68331  0.176476  -0.361015  8.47012  0  0  0  0  0  0  0  0  0  0  0  0  0  0  0  0  0  0
23818  s  0.65532  0.00814809  0.0508323  3.53553  -0.14399  0.13154  3.52856  12.634  0.0602749  -0.161761  12.6324  D0  22.2535  0.48345  -0.458754  22.1652  0  0  0  0  0  0  0  0  0  0  0  0  0  0  0  0  0  0
24600  s  2.20456  0.166669  0.243227  16.0835  -1.50634  -0.437487  16.0065  2.49164  0.129401  -0.0830289  2.48465  D+  9.29308  0.388987  0.391795  9.08631  0  0  0  0  0  0  0  0  0  0  0  0  0  0  0  0  0  0
25502  s  0.567966  0.00566414  0.045167  1.27324  -0.0101137  0.0463008  1.26797  0.238057  0.0822423  -0.0177622  0.19603  D+  25.3402  0.0683517  0.73183  25.2604  0  0  0  0  0  0  0  0  0  0  0  0  0  0  0  0  0  0
25567  s  1.06125  0.0334804  0.100316  13.6966  0.691995  -0.0479628  13.6786  4.01115  0.0244768  -0.101512  4.0084  D0  16.1097  -0.571226  0.203088  15.9899  0  0  0  0  0  0  0  0  0  0  0  0  0  0  0  0  0  0
25832  s  1.60033  0.0551253  0.10347  4.76203  -0.196963  0.446634  4.73577  1.23944  0.215673  0.0808045  1.21326  D0  13.6733  0.368397  0.544136  13.5296  0  0  0  0  0  0  0  0  0  0  0  0  0  0  0  0  0  0
26775  s  1.9896  0.0670854  0.105112  0.178409  0.0440849  -0.0731358  0.115643  3.83734  0.598061  0.232699  3.78182  D+  18.0931  -0.00842399  -0.323894  17.9934  0  0  0  0  0  0  0  0  0  0  0  0  0  0  0  0  0  0
27185  s  0.453658  0.00367011  0.0437916  1.60721  0.0519023  -0.0205515  1.60276  7.34152  0.5486  0.0623102  7.31997  D+  21.2833  0.242285  0.0987905  21.1994  0  0  0  0  0  0  0  0  0  0  0  0  0  0  0  0  0  0
27324  s  1.32941  0.0328356  0.074602  2.94032  -0.264631  0.288761  2.9122  2.07454  -0.093176  0.0828258  2.0681  D+  22.7487  -0.0939479  0.400898  22.668  0  0  0  0  0  0  0  0  0  0  0  0  0  0  0  0  0  0
27338  s  0.992906  0.0271518  0.0890831  12.2738  0.260739  -0.554598  12.258  0.756064  0.045614  -0.224449  0.712749  D0  8.38595  0.0545312  0.168965  8.17404  0  0  0  0  0  0  0  0  0  0  0  0  0  0  0  0  0  0
27508  s  0.994346  0.030572  0.100097  14.3885  -0.632296  0.209143  14.3727  1.87583  -0.0441405  0.400739  1.82895  D+  10.0459  0.193409  -0.894266  9.82786  0  0  0  0  0  0  0  0  0  0  0  0  0  0  0  0  0  0
27558  s  1.24209  0.0439768  0.108041  12.9278  -0.746316  0.257919  12.9032  5.62051  -0.103478  -0.176602  5.61579  D+  15.6586  0.113429  -0.675138  15.5315  0  0  0  0  0  0  0  0  0  0  0  0  0  0  0  0  0  0
27624  s  3.06904  0.270698  0.334019  13.0805  0.856823  1.77008  12.9314  0.720745  -0.0902125  -0.321764  0.629793  D+  13.9147  -0.766759  -1.76613  13.6535  0  0  0  0  0  0  0  0  0  0  0  0  0  0  0  0  0  0
27863  d  2.09196  0.214535  0.213852  20.7523  1.62485  0.472355  20.6829  1.49346  0.114572  -0.195628  1.47237  omega  4.32602  0.241842  -0.0948885  4.24538  1.5035  0.30779  0.115669  1.46329  omega  4.32602  0.241842  -0.0948885  4.24538  0  0  0  0  0  0  0  0  0
28189  s  3.23395  0.192168  0.232847  2.5249  -0.0369101  -0.85429  2.37334  8.44238  -0.128965  -0.335366  8.43407  D0  23.5425  -0.122732  0.176957  23.4675  0  0  0  0  0  0  0  0  0  0  0  0  0  0  0  0  0  0
28269  cbar  2.1353  0.236687  0.235857  19.8241  1.6144  -1.16892  19.7234  2.62908  -0.347496  -0.25891  2.59097  Lambda_c+  9.19398  -0.617886  0.418166  8.87382  0  0  0  0  0  0  0  0  0  0  0  0  0  0  0  0  0  0
28359  s  1.17175  0.0268108  0.0707183  3.83499  -0.42087  0.027488  3.81026  9.1376  0.00367902  -0.305153  9.13189  D0  20.9066  0.245679  -1.03552  20.7961  0  0  0  0  0  0  0  0  0  0  0  0  0  0  0  0  0  0
28380  d  4.63427  0.37865  0.376533  1.39779  0.255847  0.870487  1.05804  0.874324  0.108758  0.0225603  0.86078  Lambdabar0  9.08399  0.310898  0.217872  9.00722  0  0  0  0  0  0  0  0  0  0  0  0  0  0  0  0  0  0
28612  s  0.666821  0.00789426  0.0478347  1.60709  0.0766777  0.0779062  1.59989  7.38276  0.209389  -0.638265  7.35138  Lambda_c+  27.6335  1.03814  -0.775683  27.5083  0  0  0  0  0  0  0  0  0  0  0  0  0  0  0  0  0  0
28937  s  2.08604  0.0867439  0.131426  4.88969  -0.690843  -0.425916  4.82071  0.852274  0.118577  0.14911  0.823961  D+  15.8487  0.0404964  0.55293  15.7282  0  0  0  0  0  0  0  0  0  0  0  0  0  0  0  0  0  0
29078  s  1.64597  0.0536121  0.0980584  4.6936  0.172007  0.600975  4.65058  8.09247  -0.104002  -0.0252925  8.09107  Lambda_c+  23.2889  0.349386  -0.0856839  23.1736  0  0  0  0  0  0  0  0  0  0  0  0  0  0  0  0  0  0
29620  s  0.81073  0.0117219  0.0518388  1.75001  0.134716  -0.0833384  1.73962  2.54632  0.0111375  0.326857  2.52302  D+  11.1145  -0.208301  -0.277633  10.9506  0  0  0  0  0  0  0  0  0  0  0  0  0  0  0  0  0  0
29962  s  2.87076  0.184451  0.234167  3.85441  0.789718  0.66507  3.71205  0.546451  -0.0524602  -0.281395  0.453331  D+  20.5245  -0.826597  -1.8883  20.3349  0  0  0  0  0  0  0  0  0  0  0  0  0  0  0  0  0  0
30928  s  0.438545  0.00441165  0.0560202  8.39169  0.198039  0.0600406  8.38847  2.17175  -0.133197  -0.525544  2.10034  D+  10.0875  -0.163276  -0.0270262  9.91134  0  0  0  0  0  0  0  0  0  0  0  0  0  0  0  0  0  0
31268  s  1.09547  0.0312198  0.0897124  12.0208  0.806284  -0.0750228  11.993  0.192076  0.00526327  -0.104927  0.12121  D+  10.3129  -0.0116366  -0.125395  10.1412  0  0  0  0  0  0  0  0  0  0  0  0  0  0  0  0  0  0
31336  s  1.51195  0.038964  0.0772695  1.04908  0.234109  -0.109165  1.01128  2.89922  0.317785  -0.205931  2.87244  D+  13.9039  -0.475081  -0.538223  13.7589  0  0  0  0  0  0  0  0  0  0  0  0  0  0  0  0  0  0
33182  s  1.09081  0.0480383  0.138777  18.4234  0.814084  0.159575  18.4044  0.654602  0.213095  0.0663563  0.60624  D+  9.66092  -0.669942  -0.27229  9.45066  0  0  0  0  0  0  0  0  0  0  0  0  0  0  0  0  0  0
33220  s  1.36696  0.0425806  0.0937936  8.23772  -0.690528  0.0281709  8.208  1.66362  -0.100611  -0.193204  1.64591  D+  18.2246  0.966384  -0.505731  18.0956  0  0  0  0  0  0  0  0  0  0  0  0  0  0  0  0  0  0
34503  s  0.721848  0.00902781  0.0480041  0.865375  0.0152887  0.0556428  0.856959  8.71295  -0.0262303  -0.300299  8.70709  D0  26.5535  0.177965  -1.50706  26.4444  0  0  0  0  0  0  0  0  0  0  0  0  0  0  0  0  0  0
34656  s  1.54881  0.0478321  0.0926308  10.6668  -0.785947  0.882288  10.6006  0.476432  0.136961  0.0503301  0.441058  D+  14.1157  0.862649  0.878103  13.9371  0  0  0  0  0  0  0  0  0  0  0  0  0  0  0  0  0  0
35405  s  2.11146  0.0852992  0.128186  9.20823  -0.575811  -1.09941  9.1236  5.43787  0.258102  0.00411683  5.43072  D0  14.4747  0.34318  -0.231783  14.3481  0  0  0  0  0  0  0  0  0  0  0  0  0  0  0  0  0  0
35577  s  0.604205  0.00644038  0.0461299  1.41646  -0.0402949  -0.063475  1.41052  7.48333  0.371581  -0.335518  7.46581  D+  14.2795  0.338852  -0.447172  14.1455  0  0  0  0  0  0  0  0  0  0  0  0  0  0  0  0  0  0
35669  s  1.17721  0.0341442  0.0895349  6.3413  -0.565748  -0.00216312  6.31513  3.75198  0.423087  0.104976  3.72507  Lambda_c+  20.0072  1.35342  -0.17234  19.8293  0  0  0  0  0  0  0  0  0  0  0  0  0  0  0  0  0  0
35716  s  1.50769  0.0387108  0.0769834  1.19991  0.0436786  -0.2982  1.15663  6.02393  -0.509026  -0.538555  5.97724  D0  17.5334  -0.0564719  -0.756152  17.4175  0  0  0  0  0  0  0  0  0  0  0  0  0  0  0  0  0  0
35800  s  2.5899  0.117082  0.156085  1.09357  0.368052  -0.272826  0.987339  2.82558  -0.290803  0.255461  2.79695  D0  22.97  -0.434216  0.557479  22.8832  0  0  0  0  0  0  0  0  0  0  0  0  0  0  0  0  0  0
35985  s  1.55171  0.0468087  0.0904868  4.21126  -0.556327  0.00310488  4.17301  0.378584  0.14491  -0.0138041  0.333125  D0  22.2925  1.75783  0.972329  22.1234  0  0  0  0  0  0  0  0  0  0  0  0  0  0  0  0  0  0
36223  s  0.933572  0.0150411  0.0538587  0.744132  -0.0964776  0.0102473  0.730175  6.60252  -0.398776  0.199562  6.5866  D_s+  20.6213  0.627421  -0.463709  20.5123  0  0  0  0  0  0  0  0  0  0  0  0  0  0  0  0  0  0
36879  s  1.02553  0.0180199  0.0565557  0.520899  0.0775379  0.00703099  0.504094  1.94397  -0.336871  0.0494282  1.911  Lambda_c+  22.5063  -1.20787  -0.6667  22.3473  0  0  0  0  0  0  0  0  0  0  0  0  0  0  0  0  0  0
37155  s  1.20936  0.0351893  0.0892781  6.67362  -0.369446  0.256508  6.65761  4.3021  0.152425  -0.230755  4.2919  D+  15.6354  -0.128452  -0.298202  15.5198  0  0  0  0  0  0  0  0  0  0  0  0  0  0  0  0  0  0
37329  s  1.05672  0.0372725  0.112311  15.6575  -0.0678322  -0.73644  15.6397  1.24122  0.033185  0.206901  1.21884  D+  9.74844  0.625055  0.679248  9.52284  0  0  0  0  0  0  0  0  0  0  0  0  0  0  0  0  0  0
37509  s  1.87254  0.0817252  0.134004  8.75912  -0.217783  -0.955318  8.7035  4.13033  -0.70811  0.217446  4.06199  D+  17.2403  -0.0926749  0.745003  17.1222  0  0  0  0  0  0  0  0  0  0  0  0  0  0  0  0  0  0
37635  s  1.00152  0.0191462  0.0620768  3.44476  0.153795  0.265785  3.42942  12.0752  0.607072  -0.258325  12.0567  D0  23.3537  -0.0627072  0.15754  23.2785  0  0  0  0  0  0  0  0  0  0  0  0  0  0  0  0  0  0
37637  s  3.00541  0.198235  0.246889  11.9755  1.1923  -1.72087  11.7906  2.38823  -0.126394  0.556497  2.31664  D0  9.25089  -0.347754  0.871543  9.01225  0  0  0  0  0  0  0  0  0  0  0  0  0  0  0  0  0  0
37650  s  0.851285  0.0138628  0.0568921  3.76542  0.27327  0.0405445  3.75379  5.66726  0.141592  0.109925  5.66344  D0  12.208  -0.122122  0.536192  12.0522  0  0  0  0  0  0  0  0  0  0  0  0  0  0  0  0  0  0
37696  s  3.90499  0.265539  0.303524  0.661031  0.518595  0.114899  0.379019  7.23809  -0.559078  -0.288037  7.20995  D+  20.7659  -0.863204  0.178222  20.6627  0  0  0  0  0  0  0  0  0  0  0  0  0  0  0  0  0  0
38395  s  1.18514  0.030592  0.0795616  7.15612  0.307205  -0.462962  7.13373  1.78298  -0.299105  0.498206  1.68231  D_s+  12.9454  -0.21673  0.525505  12.7822  0  0  0  0  0  0  0  0  0  0  0  0  0  0  0  0  0  0
38414  s  1.11408  0.0375698  0.105617  14.0177  0.387582  -0.627187  13.9979  6.57286  -1.08775  -0.324121  6.47326  D0  12.6381  -1.26535  -0.458958  12.4271  0  0  0  0  0  0  0  0  0  0  0  0  0  0  0  0  0  0
38598  s  1.56986  0.0492251  0.0940972  4.94318  -0.18772  0.58228  4.90404  4.2687  -0.399154  0.085359  4.24782  D0  21.7786  -0.341801  -0.465701  21.6909  0  0  0  0  0  0  0  0  0  0  0  0  0  0  0  0  0  0
39432  s  0.796912  0.011319  0.0514127  1.72403  0.128877  -0.085756  1.71381  0.508562  0.0871663  -0.036118  0.488435  Lambda_c+  28.5467  -0.835294  0.150169  28.4423  0  0  0  0  0  0  0  0  0  0  0  0  0  0  0  0  0  0
39600  s  0.351618  0.00236135  0.0453331  3.72155  -0.0467372  0.0501099  3.71942  6.21782  -0.00211882  0.387463  6.20484  D_s+  20.0889  0.746685  1.08176  19.949  0  0  0  0  0  0  0  0  0  0  0  0  0  0  0  0  0  0
39814  s  2.70667  0.196588  0.256216  9.93324  -0.378733  1.72702  9.77405  2.14352  -0.224492  -0.72842  2.00063  D0  11.0074  0.261372  -1.29609  10.7674  0  0  0  0  0  0  0  0  0  0  0  0  0  0  0  0  0  0
39846  s  1.45758  0.0705307  0.145074  15.5675  -0.891374  0.494399  15.5337  2.8456  0.143503  0.0228616  2.83993  D_s+  12.2065  0.823689  -1.22955  11.9555  0  0  0  0  0  0  0  0  0  0  0  0  0  0  0  0  0  0
40010  s  1.55006  0.0408313  0.0790198  0.265052  0.0337988  -0.0804305  0.226886  5.38744  -0.220424  0.686759  5.33789  D+  19.8382  -0.377377  0.709159  19.7336  0  0  0  0  0  0  0  0  0  0  0  0  0  0  0  0  0  0
41104  s  1.68858  0.0594998  0.106358  6.08592  0.723333  -0.120276  6.04066  0.831755  -0.0247436  0.253801  0.784618  D0  13.186  0.00999868  0.620439  13.0387  0  0  0  0  0  0  0  0  0  0  0  0  0  0  0  0  0  0
42037  s  1.42763  0.0386551  0.0812814  3.52522  -0.327075  -0.330543  3.49282  2.53699  0.245606  -0.357185  2.49744  D0  22.9788  1.2068  0.954358  22.8512  0  0  0  0  0  0  0  0  0  0  0  0  0  0  0  0  0  0
42311  s  0.24743  0.00150252  0.0567212  9.90949  0.0172756  0.105922  9.90835  3.23313  0.270943  -0.585163  3.1664  Lambda_c+  19.054  0.268786  -0.410737  18.9099  0  0  0  0  0  0  0  0  0  0  0  0  0  0  0  0  0  0
42432  s  2.80021  0.15305  0.19652  4.32098  -0.930866  -0.424108  4.19683  1.03994  0.188184  -0.00896006  1.01726  D+  21.7372  1.65439  0.68117  21.5826  0  0  0  0  0  0  0  0  0  0  0  0  0  0  0  0  0  0
42591  s  2.38002  0.119586  0.16679  6.3809  -0.14329  -1.05142  6.29116  3.02093  0.152864  0.295684  3.00067  D_s+  21.6578  -0.694882  0.516391  21.5508  0  0  0  0  0  0  0  0  0  0  0  0  0  0  0  0  0  0
42685  s  0.946426  0.0766169  0.268764  21.1436  0.123314  -0.826059  21.1268  0.272755  0.0657827  -0.0660731  0.233535  Lambda_c+  6.32896  -0.693639  1.37445  5.69715  0  0  0  0  0  0  0  0  0  0  0  0  0  0  0  0  0  0
43803  s  3.71225  0.241689  0.280145  0.396236  -0.254268  -0.242309  0.149911  0.978594  0.322585  -0.035611  0.917144  D+  19.8305  0.714261  -0.678543  19.7175  0  0  0  0  0  0  0  0  0  0  0  0  0  0  0  0  0  0
43832  s  1.48601  0.0404781  0.0816725  2.55136  -0.135052  0.385265  2.51627  7.72611  0.142979  0.101113  7.7234  D_s+  25.4423  -0.872503  -1.11696  25.3264  0  0  0  0  0  0  0  0  0  0  0  0  0  0  0  0  0  0
44342  s  1.59401  0.0512566  0.0965716  5.20627  -0.449527  0.453094  5.16592  0.252472  0.114522  0.0570647  0.190279  D+  14.2385  0.256973  -0.319685  14.1093  0  0  0  0  0  0  0  0  0  0  0  0  0  0  0  0  0  0
44396  s  0.59279  0.00677529  0.0501519  4.50726  -0.0283019  0.261323  4.49834  1.51751  0.0438532  -0.354663  1.47104  D0  14.6931  0.289023  0.182456  14.5702  0  0  0  0  0  0  0  0  0  0  0  0  0  0  0  0  0  0
44649  s  0.821516  0.0231506  0.100297  12.2085  0.213653  -0.569821  12.1929  1.07783  0.137034  0.126308  1.05632  D0  10.3189  0.670572  0.827023  10.093  0  0  0  0  0  0  0  0  0  0  0  0  0  0  0  0  0  0
44797  s  1.31685  0.0333719  0.0766341  3.93224  -0.216312  -0.397873  3.90465  2.45403  0.235468  -0.282496  2.42401  D+  14.3638  0.956414  0.366588  14.2047  0  0  0  0  0  0  0  0  0  0  0  0  0  0  0  0  0  0
44839  s  3.42035  0.205344  0.244093  1.66377  -0.815098  -0.0810769  1.4443  1.24007  -0.233748  -0.248173  1.18759  D+  12.7078  -0.46782  0.118835  12.5603  0  0  0  0  0  0  0  0  0  0  0  0  0  0  0  0  0  0
45215  s  0.621594  0.00726223  0.0495468  3.27065  0.154513  -0.0777114  3.26436  4.21462  -0.403294  -0.688985  4.13697  D0  20.1979  -0.0502472  -0.543002  20.1042  0  0  0  0  0  0  0  0  0  0  0  0  0  0  0  0  0  0
45295  s  1.41683  0.0438646  0.0929693  7.23552  -0.670538  -0.00780617  7.2036  2.7127  -0.23835  -0.0838425  2.69884  D+  15.685  -0.143346  0.0586366  15.5724  0  0  0  0  0  0  0  0  0  0  0  0  0  0  0  0  0  0
46926  s  1.59213  0.0457445  0.0862893  2.09313  0.35673  0.168767  2.05287  1.98713  -0.132822  -0.0887312  1.97788  D0  22.973  0.239152  0.184688  22.8952  0  0  0  0  0  0  0  0  0  0  0  0  0  0  0  0  0  0
47056  s  2.57507  0.128721  0.17207  1.60307  -0.418321  0.499675  1.46082  6.55018  -0.838665  -0.180331  6.4929  D+  9.66056  -0.438152  -0.678848  9.44342  0  0  0  0  0  0  0  0  0  0  0  0  0  0  0  0  0  0
47473  s  1.33493  0.0315536  0.0713596  1.52683  0.0474151  0.269006  1.49848  1.39846  0.277639  -0.111235  1.36201  D+  25.9835  -0.361463  -0.19777  25.9128  0  0  0  0  0  0  0  0  0  0  0  0  0  0  0  0  0  0
47508  s  1.33937  0.054258  0.122211  14.0038  0.338329  -0.820315  13.9753  0.602201  -0.0495569  -0.292411  0.513344  D_s+  9.98445  0.132514  0.0204133  9.78756  0  0  0  0  0  0  0  0  0  0  0  0  0  0  0  0  0  0
47570  s  2.56915  0.186724  0.249682  12.7854  -1.42951  0.779476  12.6808  1.03098  -0.153514  -0.347155  0.952715  Lambda_c+  15.1398  0.484826  -0.618545  14.9455  0  0  0  0  0  0  0  0  0  0  0  0  0  0  0  0  0  0
48235  s  0.981125  0.0168322  0.0561617  1.14743  -0.0851604  0.12915  1.13203  5.05923  0.00325508  0.640748  5.01738  D0  22.254  1.01628  0.288884  22.1506  0  0  0  0  0  0  0  0  0  0  0  0  0  0  0  0  0  0
48244  s  2.77467  0.134369  0.173293  2.94726  -0.859175  -0.234902  2.80746  2.94259  0.0395701  0.342804  2.92037  D+  24.4137  -0.140731  -0.21712  24.3406  0  0  0  0  0  0  0  0  0  0  0  0  0  0  0  0  0  0
48828  s  1.02939  0.0393234  0.122748  13.1621  -0.0599078  -0.682525  13.1439  1.34324  0.42837  0.219581  1.24956  Lambda_c+  14.3931  1.46353  0.556192  14.1238  0  0  0  0  0  0  0  0  0  0  0  0  0  0  0  0  0  0
48942  s  1.28085  0.071625  0.169675  19.4168  0.744607  0.669257  19.3906  0.756437  -0.0229007  -0.14649  0.734199  Lambda_c+  12.3584  -0.442124  -0.736447  12.1146  0  0  0  0  0  0  0  0  0  0  0  0  0  0  0  0  0  0
49084  s  1.67205  0.0552124  0.0995652  4.63906  -0.157726  0.611361  4.59468  1.61102  0.100424  -0.425763  1.54689  D0  19.0411  -0.0140924  -0.846035  18.9306  0  0  0  0  0  0  0  0  0  0  0  0  0  0  0  0  0  0
49114  s  1.64009  0.0478239  0.0877642  1.64962  -0.100271  -0.343307  1.60691  7.16415  0.325216  -0.801731  7.11093  D0  22.0922  0.681493  -0.682815  21.9923  0  0  0  0  0  0  0  0  0  0  0  0  0  0  0  0  0  0
49511  s  0.908486  0.0285505  0.106337  12.1688  -0.57813  -0.134759  12.1539  0.624548  -0.136562  -0.207536  0.563184  D0  8.44873  0.890994  0.594223  8.17046  0  0  0  0  0  0  0  0  0  0  0  0  0  0  0  0  0  0
49961  s  0.485982  0.00418326  0.0440331  1.5367  -0.0261606  0.0124823  1.53279  2.40407  0.0446398  -0.17542  2.39492  D0  23.189  -0.832497  0.356578  23.0962  0  0  0  0  0  0  0  0  0  0  0  0  0  0  0  0  0  0
50004  s  1.36216  0.0319537  0.070668  0.678908  -0.166321  -0.0194141  0.649394  3.5103  0.00505857  0.193049  3.50339  D+  20.6819  -0.517677  -0.382331  20.5872  0  0  0  0  0  0  0  0  0  0  0  0  0  0  0  0  0  0
50052  s  0.919019  0.0271985  0.0996146  15.0583  0.585656  0.231441  15.0448  7.38489  -0.204925  0.228968  7.37774  D0  14.6528  -0.628134  -0.581257  14.5084  0  0  0  0  0  0  0  0  0  0  0  0  0  0  0  0  0  0
50368  s  1.41889  0.037186  0.0787014  2.77188  -0.132474  -0.384329  2.73987  4.25471  0.807844  0.367435  4.15978  tau+  18.5288  0.540187  1.10059  18.4026  0  0  0  0  0  0  0  0  0  0  0  0  0  0  0  0  0  0
50920  s  1.2659  0.0317805  0.0763657  4.75203  0.112636  -0.466892  4.72652  0.418878  -0.0421289  -0.00734926  0.403071  D+  20.4908  -0.956088  0.620059  20.3735  0  0  0  0  0  0  0  0  0  0  0  0  0  0  0  0  0  0
51280  s  0.652324  0.00796099  0.0500491  3.13876  0.169555  -0.0581687  3.13186  2.6124  0.429873  -0.142655  2.57066  Lambda_c+  23.6211  -0.694216  -0.00742251  23.4999  0  0  0  0  0  0  0  0  0  0  0  0  0  0  0  0  0  0
51288  s  0.941944  0.0604831  0.213668  23.8055  0.812207  0.072677  23.7913  2.99767  0.0822158  0.411766  2.96623  Lambda_c+  7.58043  -0.841924  -0.0236685  7.17814  0  0  0  0  0  0  0  0  0  0  0  0  0  0  0  0  0  0
51516  s  1.77917  0.0541129  0.0925021  0.450204  -0.173596  0.0374406  0.399978  9.78133  -0.542774  -0.523999  9.75162  D+  26.9815  0.252633  -0.572635  26.9094  0  0  0  0  0  0  0  0  0  0  0  0  0  0  0  0  0  0
51784  s  0.43064  0.00333687  0.0438194  2.00643  -0.0218659  -0.0286916  2.00332  10.5728  0.312235  -0.354781  10.5617  D+  24.3895  -0.182917  -0.260838  24.3157  0  0  0  0  0  0  0  0  0  0  0  0  0  0  0  0  0  0
51947  s  1.66359  0.0776149  0.140553  12.6212  -1.01635  0.250952  12.5773  4.52814  1.06002  -0.163308  4.39802  D0  13.8002  1.1524  -0.567884  13.6131  0  0  0  0  0  0  0  0  0  0  0  0  0  0  0  0  0  0
52008  s  1.37616  0.033682  0.0736615  1.65965  -0.29402  0.0383224  1.62953  6.95122  0.354072  0.139158  6.94  D+  19.4652  -0.691114  0.566426  19.3546  0  0  0  0  0  0  0  0  0  0  0  0  0  0  0  0  0  0
52298  s  0.90733  0.0411769  0.153622  20.9687  0.630063  -0.38075  20.9555  0.782289  0.0934508  0.0911392  0.76405  Lambda_c+  7.91549  -0.914054  1.28272  7.41257  0  0  0  0  0  0  0  0  0  0  0  0  0  0  0  0  0  0
52734  s  2.263  0.174908  0.251102  16.0177  -0.421126  -1.55058  15.9366  3.37104  -0.132388  0.199486  3.36086  D0  8.94777  0.26555  0.659937  8.72232  0  0  0  0  0  0  0  0  0  0  0  0  0  0  0  0  0  0
53208  s  1.07027  0.0644678  0.190914  22.1542  0.453774  0.770006  22.1359  1.37161  0.0254429  -0.590145  1.23339  D+  6.98412  0.0625869  -1.10988  6.63677  0  0  0  0  0  0  0  0  0  0  0  0  0  0  0  0  0  0
53382  s  1.08125  0.0217479  0.0635822  2.97597  0.159397  -0.272312  2.95731  0.498559  -0.0462715  0.132071  0.466705  D+  15.698  -0.30118  0.538463  15.574  0  0  0  0  0  0  0  0  0  0  0  0  0  0  0  0  0  0
53631  d  1.79087  0.094102  0.0939704  13.4604  0.822049  0.82487  13.4096  0.439788  0.309921  0.148514  0.253264  omega  1.63135  0.393326  -0.33531  1.33383  1.19156  0.0834051  -0.483823  1.08056  omega  1.63135  0.393326  -0.33531  1.33383  0  0  0  0  0  0  0  0  0
54919  s  0.929226  0.0208906  0.0753034  9.5523  0.508375  0.13  9.53729  1.92702  0.127724  0.245812  1.90407  D+  11.2641  -0.0484089  -0.202537  11.1059  0  0  0  0  0  0  0  0  0  0  0  0  0  0  0  0  0  0
56065  s  1.59035  0.0469639  0.0886811  2.92403  0.382552  0.275272  2.88386  8.46262  -0.61425  -0.186576  8.43758  D+  23.8171  -0.14688  -0.0743138  23.743  0  0  0  0  0  0  0  0  0  0  0  0  0  0  0  0  0  0
56251  s  3.3658  0.305412  0.364418  11.8562  -1.30435  1.58333  11.6769  1.31698  0.211431  0.0673599  1.29384  D_s+  16.0097  1.03927  -1.04583  15.8197  0  0  0  0  0  0  0  0  0  0  0  0  0  0  0  0  0  0
56387  s  0.87645  0.0222367  0.0873403  13.214  0.534688  -0.16866  13.2017  3.62047  0.320439  -0.348379  3.58784  D+  16.1839  -0.279599  0.0581827  16.073  0  0  0  0  0  0  0  0  0  0  0  0  0  0  0  0  0  0
56718  s  2.89977  0.164127  0.207539  4.32126  0.576531  0.888422  4.18813  8.87811  0.50126  -0.519111  8.8481  Lambda_c+  22.4775  1.05891  -0.985767  22.3141  0  0  0  0  0  0  0  0  0  0  0  0  0  0  0  0  0  0
56873  s  0.922441  0.0173174  0.063093  5.82243  -0.348317  -0.225808  5.80665  2.15939  0.252204  -0.206976  2.13198  D+  11.7736  0.559311  -0.0285527  11.6107  0  0  0  0  0  0  0  0  0  0  0  0  0  0  0  0  0  0
56921  s  1.21159  0.0251885  0.0637725  0.566737  0.100233  0.068924  0.543351  3.6873  0.399394  0.0411777  3.66385  D+  17.2099  -0.292412  0.676172  17.0921  0  0  0  0  0  0  0  0  0  0  0  0  0  0  0  0  0  0
57236  s  1.83524  0.110899  0.184677  15.0503  1.02528  0.687085  14.9992  1.29847  -0.0525552  -0.312697  1.25472  D_s+  9.91694  -0.496267  -0.612138  9.68761  0  0  0  0  0  0  0  0  0  0  0  0  0  0  0  0  0  0
57809  cbar  1.9944  0.256488  0.255514  11.4764  1.19536  0.228327  11.4112  1.22529  -0.0840504  -0.303277  1.17946  Lambda_c+  5.55036  0.654174  -0.464519  4.99349  0  0  0  0  0  0  0  0  0  0  0  0  0  0  0  0  0  0
58432  s  1.2895  0.0323176  0.0760111  4.29577  -0.100714  0.504919  4.26349  7.52413  0.785037  0.262378  7.47772  D_s+  22.3133  0.396816  0.322581  22.2204  0  0  0  0  0  0  0  0  0  0  0  0  0  0  0  0  0  0
58588  s  1.15197  0.0256138  0.0690159  4.01393  0.19987  -0.343947  3.99277  6.38745  0.671603  0.486227  6.33252  D+  18.6305  0.0517491  0.32548  18.5335  0  0  0  0  0  0  0  0  0  0  0  0  0  0  0  0  0  0
58723  s  1.0951  0.0205351  0.0590447  0.502008  -0.0769014  -0.0420819  0.482869  1.34045  0.17783  0.00471696  1.32438  D0  11.7555  0.123768  0.220278  11.6039  0  0  0  0  0  0  0  0  0  0  0  0  0  0  0  0  0  0
58830  s  2.20988  0.103389  0.150791  6.32475  -0.875744  0.225446  6.25888  8.78313  -0.280618  -0.731282  8.74749  D0  19.5469  0.224882  -0.389978  19.4525  0  0  0  0  0  0  0  0  0  0  0  0  0  0  0  0  0  0
58892  s  2.85234  0.207589  0.264184  10.7376  -1.37975  0.913707  10.6088  3.2206  0.327636  -0.0965773  3.2007  D+  10.3346  0.78227  -0.51161  10.121  0  0  0  0  0  0  0  0  0  0  0  0  0  0  0  0  0  0
60496  s  0.380826  0.00263905  0.0435801  2.33775  -0.00991027  -0.0166841  2.33528  7.38528  -0.445119  0.662795  7.34124  D+  21.8694  -0.365289  -0.0934753  21.7861  0  0  0  0  0  0  0  0  0  0  0  0  0  0  0  0  0  0
60509  s  1.26439  0.0343898  0.0827477  7.2493  0.477015  -0.582946  7.20928  2.33717  -0.191886  0.328817  2.30353  Lambda_c+  12.5324  -0.594416  -1.38702  12.2294  0  0  0  0  0  0  0  0  0  0  0  0  0  0  0  0  0  0
60799  s  0.944693  0.0299364  0.105364  15.7365  -0.23341  -0.619529  15.7222  5.52384  0.119749  0.487349  5.49998  D+  9.96512  0.168205  0.919356  9.74344  0  0  0  0  0  0  0  0  0  0  0  0  0  0  0  0  0  0
61468  s  2.39652  0.12423  0.17258  6.98649  -0.252316  1.09006  6.8955  3.25135  -0.373026  -0.200297  3.22193  Lambda_c+  23.7202  0.823249  -0.380094  23.5923  0  0  0  0  0  0  0  0  0  0  0  0  0  0  0  0  0  0
61765  s  3.86871  0.292549  0.335073  6.6185  -0.0281887  2.19251  6.24384  5.6464  0.314235  0.133468  5.63508  Lambda_c+  17.7681  0.81972  -1.34637  17.5497  0  0  0  0  0  0  0  0  0  0  0  0  0  0  0  0  0  0
62320  s  3.00858  0.163957  0.204215  2.20331  -0.773279  0.0422442  2.06001  6.10924  0.300702  -0.160428  6.09881  D0  25.9604  0.424912  -1.48041  25.8475  0  0  0  0  0  0  0  0  0  0  0  0  0  0  0  0  0  0
62483  s  2.13483  0.0927231  0.138309  5.42999  0.827403  -0.288994  5.35776  2.33641  -0.125059  -0.207075  2.32145  D0  20.0928  -1.17537  -0.0494581  19.9715  0  0  0  0  0  0  0  0  0  0  0  0  0  0  0  0  0  0
62549  s  0.39012  0.00357821  0.0564746  8.95697  -0.138891  -0.125733  8.95439  11.2933  -0.0541922  0.258177  11.2897  D+  20.1377  -0.0938548  -0.0349321  20.0505  0  0  0  0  0  0  0  0  0  0  0  0  0  0  0  0  0  0
62568  s  0.917141  0.0276586  0.101601  8.66533  0.259979  0.508032  8.64587  7.29578  -0.0519827  -0.623206  7.26816  D0  13.5455  0.489902  -1.58885  13.3131  0  0  0  0  0  0  0  0  0  0  0  0  0  0  0  0  0  0
63479  s  1.39506  0.0347653  0.074919  2.08619  -0.304948  0.21628  2.04969  3.04662  -0.323136  -0.279045  3.0147  D+  24.1845  0.736773  -0.578747  24.0939  0  0  0  0  0  0  0  0  0  0  0  0  0  0  0  0  0  0
64249  s  0.535144  0.0070461  0.0623984  9.96397  -0.0612514  -0.280739  9.95927  2.19921  -0.456913  0.110307  2.14579  D0  12.0404  0.0879663  0.0246748  11.8948  0  0  0  0  0  0  0  0  0  0  0  0  0  0  0  0  0  0
64886  d  3.59115  0.271384  0.270295  4.99346  0.0956409  -1.17224  4.85182  13.7504  0.120727  0.681096  13.7326  rho0  16.3498  0.146337  0.980574  16.3124  2.59939  0.0256095  0.299478  2.57979  rho0  16.3498  0.146337  0.980574  16.3124  0  0  0  0  0  0  0  0  0
65032  s  0.705784  0.00960916  0.0530049  3.99797  -0.212045  -0.0905353  3.98991  9.17497  -0.192852  0.242315  9.16913  tau+  19.9838  0.726424  -0.171506  19.8907  0  0  0  0  0  0  0  0  0  0  0  0  0  0  0  0  0  0
65184  s  2.71947  0.128589  0.167392  0.974681  0.212487  -0.397819  0.857572  5.64631  -0.338536  0.00230286  5.63516  D0  27.4739  0.0522473  0.060268  27.4104  0  0  0  0  0  0  0  0  0  0  0  0  0  0  0  0  0  0
65439  s  1.28885  0.0401422  0.0944583  9.57105  -0.653541  0.259156  9.54461  4.59763  0.602101  0.603352  4.51668  D+  13.6883  0.758398  0.533637  13.5283  0  0  0  0  0  0  0  0  0  0  0  0  0  0  0  0  0  0
65515  s  2.25637  0.101704  0.146429  4.94658  -0.540899  -0.698491  4.8659  2.46976  -0.0313999  0.15971  2.46212  D0  17.7282  0.135243  0.099403  17.629  0  0  0  0  0  0  0  0  0  0  0  0  0  0  0  0  0  0
65634  d  0.973851  0.160561  0.160175  29.3528  0.616525  -0.746402  29.3367  0.328753  -0.131235  0.085463  0.26905  mu-  0.717502  -0.352754  0.110072  0.605883  0.213482  -0.0662449  0.0681071  0.159322  mu+  0.429811  -0.206479  0.0741968  0.354167  0  0  0  0  0  0  0  0  0
66545  s  0.36582  0.00379786  0.0676476  12.8453  0.21246  -0.0508587  12.843  4.93761  0.0646394  -0.0669932  4.93561  D+  10.7483  0.878928  0.189146  10.5462  0  0  0  0  0  0  0  0  0  0  0  0  0  0  0  0  0  0
66842  s  0.444361  0.00360801  0.0447185  2.45894  -0.0674137  0.0224166  2.45564  0.599146  0.0173901  0.129018  0.575207  D+  25.7603  -0.478398  0.90493  25.6719  0  0  0  0  0  0  0  0  0  0  0  0  0  0  0  0  0  0
67436  s  0.839665  0.0240112  0.100602  15.9755  -0.240435  0.541032  15.9641  4.08315  0.634272  -0.362246  4.0159  D+  11.7408  1.08079  -0.871405  11.5076  0  0  0  0  0  0  0  0  0  0  0  0  0  0  0  0  0  0
68028  s  2.61696  0.133579  0.177114  4.30182  0.789276  0.535975  4.19336  10.8557  -0.341671  0.0623027  10.8496  Lambda_c+  24.4171  -0.0521493  -0.783451  24.2971  0  0  0  0  0  0  0  0  0  0  0  0  0  0  0  0  0  0
68892  s  1.01748  0.0243327  0.0771886  8.95031  -0.144828  0.513575  8.93376  2.82816  0.49555  0.107685  2.78032  D+  19.2501  0.950598  -0.688381  19.1231  0  0  0  0  0  0  0  0  0  0  0  0  0  0  0  0  0  0
69713  s  1.04748  0.0535282  0.163165  20.618  0.80281  -0.246488  20.6007  2.38265  0.100619  -0.199818  2.36977  D+  7.59496  -0.576953  0.201381  7.33583  0  0  0  0  0  0  0  0  0  0  0  0  0  0  0  0  0  0
70223  s  1.9246  0.0921139  0.147865  10.194  -0.486184  -0.972968  10.1352  2.7114  0.628167  -0.125241  2.63253  D+  13.8827  0.403676  0.130187  13.7497  0  0  0  0  0  0  0  0  0  0  0  0  0  0  0  0  0  0
70627  cbar  2.36897  0.248434  0.247519  15.0026  -0.187963  -1.84618  14.887  0.328205  0.20884  0.184415  0.137593  Lambda_c+  6.35814  0.766299  -0.568317  5.85558  0  0  0  0  0  0  0  0  0  0  0  0  0  0  0  0  0  0
71060  s  2.1279  0.111214  0.166203  3.85361  -0.737318  -0.363079  3.76347  7.5066  0.787128  -0.661617  7.43509  D+  15.564  0.497949  -0.513874  15.4347  0  0  0  0  0  0  0  0  0  0  0  0  0  0  0  0  0  0
71492  s  1.36914  0.0405493  0.0891667  6.98788  0.419692  0.478016  6.95807  5.01331  0.058219  0.0576732  5.01152  Lambda_c+  21.8211  0.430171  0.0915591  21.6966  0  0  0  0  0  0  0  0  0  0  0  0  0  0  0  0  0  0
71680  s  1.07456  0.0201105  0.0592798  1.02575  -0.0559092  -0.152272  1.00732  3.74014  -0.377387  0.167062  3.71579  D+  15.6467  0.251197  0.280625  15.5301  0  0  0  0  0  0  0  0  0  0  0  0  0  0  0  0  0  0
72319  s  1.51514  0.0668134  0.132167  13.313  0.924312  -0.322967  13.2766  1.05243  0.261084  0.0190504  1.01386  D+  13.7562  -0.600992  0.623872  13.601  0  0  0  0  0  0  0  0  0  0  0  0  0  0  0  0  0  0
73263  s  0.978932  0.0209525  0.0701245  7.24966  -0.0184368  0.458821  7.23433  4.56145  0.195685  -0.243183  4.54954  Lambda_c+  20.5461  0.159279  -0.560364  20.4102  0  0  0  0  0  0  0  0  0  0  0  0  0  0  0  0  0  0
73278  s  0.892235  0.0148991  0.056996  3.14926  -0.224532  0.136568  3.1365  11.647  -0.245526  -0.528885  11.6319  D0  21.2063  -0.150167  -0.246296  21.1222  0  0  0  0  0  0  0  0  0  0  0  0  0  0  0  0  0  0
73734  s  1.45591  0.0388981  0.0801415  2.58391  -0.395828  -0.0716345  2.55022  4.22921  0.495929  0.195513  4.19415  D+  20.811  -0.0843754  0.536704  20.7198  0  0  0  0  0  0  0  0  0  0  0  0  0  0  0  0  0  0
73761  s  0.597874  0.00695035  0.0506941  4.21623  0.114205  0.157818  4.2104  0.744417  0.141646  -0.00188586  0.723136  D+  22.985  -0.407864  0.353494  22.9024  0  0  0  0  0  0  0  0  0  0  0  0  0  0  0  0  0  0
74208  s  0.623517  0.0092498  0.0627736  9.225  0.234482  0.224686  9.21867  1.21642  -0.196567  0.115607  1.19018  D+  11.5288  0.38843  -0.474708  11.3597  0  0  0  0  0  0  0  0  0  0  0  0  0  0  0  0  0  0
74284  s  1.34652  0.0345807  0.0774539  3.68239  0.331963  -0.300394  3.65354  2.08489  0.226735  -0.0300681  2.06961  D0  18.6835  0.612337  0.691703  18.5673  0  0  0  0  0  0  0  0  0  0  0  0  0  0  0  0  0  0
74615  s  0.906104  0.0154188  0.0576605  3.24713  -0.270733  0.0286129  3.23397  8.49862  -0.468929  -0.597525  8.46395  D+  25.8715  -0.384162  0.282226  25.7995  0  0  0  0  0  0  0  0  0  0  0  0  0  0  0  0  0  0
75306  s  1.59545  0.0615287  0.115809  13.0714  0.906643  -0.725857  13.0193  8.46505  0.0579863  0.131067  8.46318  D0  12.462  0.134985  0.478799  12.3116  0  0  0  0  0  0  0  0  0  0  0  0  0  0  0  0  0  0
75516  cbar  3.12071  0.239836  0.238985  6.30125  -1.25164  0.926037  6.10496  0.999317  0.575683  0.0901189  0.804946  Lambda_c+  6.6198  0.277082  0.72716  6.16347  0  0  0  0  0  0  0  0  0  0  0  0  0  0  0  0  0  0
75816  s  1.6382  0.0623004  0.114426  1.04682  -0.222913  -0.269544  0.980977  1.88087  -0.150847  0.370869  1.83472  D_s+  17.0025  0.721794  0.355463  16.869  0  0  0  0  0  0  0  0  0  0  0  0  0  0  0  0  0  0
76027  s  1.56427  0.0544832  0.104497  7.68955  -0.761072  0.0762769  7.65069  4.23305  0.364144  0.267198  4.20756  D0  19.7624  0.165715  -0.441296  19.6686  0  0  0  0  0  0  0  0  0  0  0  0  0  0  0  0  0  0
76237  s  0.507848  0.00675821  0.06571  11.2863  -0.26193  0.127452  11.282  1.73487  0.461344  -0.284394  1.64466  D0  11.3956  0.165829  -0.270953  11.2375  0  0  0  0  0  0  0  0  0  0  0  0  0  0  0  0  0  0
76478  s  1.46582  0.0413651  0.0846292  3.94243  0.290248  0.41556  3.90828  6.60341  -0.621584  0.0818786  6.57273  Lambda_c+  27.0222  -0.137804  -1.18163  26.899  0  0  0  0  0  0  0  0  0  0  0  0  0  0  0  0  0  0
76962  s  1.62285  0.0519747  0.0963037  3.89896  -0.0553224  0.516278  3.86278  15.6047  0.064871  -0.473518  15.597  D0  23.1711  -0.26279  -0.854518  23.0786  0  0  0  0  0  0  0  0  0  0  0  0  0  0  0  0  0  0
77318  s  1.52536  0.0434515  0.085415  3.08768  -0.405243  -0.226981  3.05072  0.271426  0.114022  0.0568049  0.215128  D0  19.2163  -0.223066  -0.0754841  19.1242  0  0  0  0  0  0  0  0  0  0  0  0  0  0  0  0  0  0
77428  s  1.0119  0.0192498  0.0615311  3.27673  -0.160865  0.264477  3.26036  2.64486  -0.0671715  -0.254151  2.62964  D+  12.2932  0.302166  0.0880866  12.1461  0  0  0  0  0  0  0  0  0  0  0  0  0  0  0  0  0  0
77484  s  1.57656  0.0435402  0.0829007  1.20199  -0.085759  0.273539  1.16252  2.46927  0.353719  0.159153  2.43633  D_s+  20.8365  -0.468793  -0.326503  20.7354  0  0  0  0  0  0  0  0  0  0  0  0  0  0  0  0  0  0
78185  s  0.4737  0.00407353  0.0449165  2.26818  -0.0672261  0.0346153  2.26445  7.07426  0.183721  -0.0778376  7.07066  D+  21.9508  -0.247974  -0.381584  21.8663  0  0  0  0  0  0  0  0  0  0  0  0  0  0  0  0  0  0
78323  s  0.933887  0.0180579  0.064627  5.3832  0.329378  0.130599  5.37048  7.30194  0.345377  -0.855109  7.2427  Lambda_c+  23.6855  -0.584268  -1.78165  23.5002  0  0  0  0  0  0  0  0  0  0  0  0  0  0  0  0  0  0
78811  s  0.687517  0.0109749  0.0632057  3.01424  0.0907254  -0.180106  3.00563  6.41568  0.322186  0.332429  6.39809  D0  13.435  -0.0101335  0.41656  13.2984  0  0  0  0  0  0  0  0  0  0  0  0  0  0  0  0  0  0
79200  s  0.734029  0.00990698  0.0512704  2.64091  0.184865  -0.022677  2.63222  10.7467  -0.299172  0.429773  10.7335  D_s+  25.1047  -0.515137  0.170238  25.0215  0  0  0  0  0  0  0  0  0  0  0  0  0  0  0  0  0  0
79499  s  1.4805  0.045323  0.0917857  5.85126  0.592296  -0.21082  5.81643  0.499771  -0.166872  0.0716089  0.453468  D+  22.8251  -0.0423921  0.0647104  22.7483  0  0  0  0  0  0  0  0  0  0  0  0  0  0  0  0  0  0
79950  d  5.45981  0.535203  0.530985  1.94176  0.0816288  1.26133  1.47026  0.863707  0.00110189  -0.0688892  0.854446  Lambdabar0  11.8093  0.0986299  -0.8246  11.7271  0  0  0  0  0  0  0  0  0  0  0  0  0  0  0  0  0  0
80053  s  1.81185  0.0636636  0.107197  4.14424  0.00611081  0.646349  4.09216  6.88583  0.279572  -0.0829862  6.87884  D0  21.7306  0.194125  -1.13026  21.6201  0  0  0  0  0  0  0  0  0  0  0  0  0  0  0  0  0  0
80251  s  1.25225  0.0335624  0.0816775  6.7243  -0.130742  -0.554025  6.69933  2.94542  0.167624  -0.322305  2.92102  D+  20.2636  0.0938725  1.1635  20.1434  0  0  0  0  0  0  0  0  0  0  0  0  0  0  0  0  0  0
80667  s  2.42974  0.108428  0.149512  2.60811  -0.677201  -0.0965149  2.51459  2.92114  0.599869  0.147992  2.8531  D0  16.0304  0.162521  0.143671  15.9201  0  0  0  0  0  0  0  0  0  0  0  0  0  0  0  0  0  0
80775  s  1.71069  0.0510327  0.0902004  1.1306  0.197405  0.304715  1.0655  1.95378  -0.523918  -0.0597923  1.8783  D+  11.853  -0.0719052  0.411673  11.6972  0  0  0  0  0  0  0  0  0  0  0  0  0  0  0  0  0  0
81455  s  0.968354  0.0173711  0.059037  1.4352  -0.141424  -0.177216  1.41323  5.53657  -0.589871  0.497059  5.48155  D+  16.389  0.200724  0.58819  16.2701  0  0  0  0  0  0  0  0  0  0  0  0  0  0  0  0  0  0
81653  s  1.82729  0.0587853  0.0983122  1.35457  0.0906743  -0.348299  1.3016  18.6709  0.611324  -0.735261  18.6461  D+  27.5938  0.478293  -0.264523  27.5249  0  0  0  0  0  0  0  0  0  0  0  0  0  0  0  0  0  0
82247  s  1.08711  0.0218898  0.0635442  2.85238  -0.214135  0.224126  2.83351  4.8097  -0.469317  0.423256  4.76682  Lambda_c+  24.8298  -0.856362  0.744174  24.6982  0  0  0  0  0  0  0  0  0  0  0  0  0  0  0  0  0  0
83051  s  1.28079  0.0425373  0.100817  11.0721  -0.736789  -0.153509  11.046  0.319498  0.0317165  0.20756  0.216398  D0  17.4515  1.09138  0.702771  17.3029  0  0  0  0  0  0  0  0  0  0  0  0  0  0  0  0  0  0
83108  s  1.34624  0.0883912  0.197865  20.6964  -1.05437  -0.264122  20.6675  1.06087  0.283304  0.397393  0.935997  D+  6.93865  0.525336  0.412725  6.64854  0  0  0  0  0  0  0  0  0  0  0  0  0  0  0  0  0  0
83188  s  0.636751  0.00806395  0.0528072  4.82907  -0.210962  0.0889306  4.82248  6.10582  0.376664  0.127586  6.09194  Lambda_c+  22.6962  0.266553  1.03145  22.5556  0  0  0  0  0  0  0  0  0  0  0  0  0  0  0  0  0  0
83204  s  1.87492  0.0852098  0.139572  9.63826  0.686197  -0.767915  9.5825  6.78221  -0.24599  0.187497  6.77433  D+  13.3137  -0.113406  0.831208  13.155  0  0  0  0  0  0  0  0  0  0  0  0  0  0  0  0  0  0
84090  s  2.5697  0.118346  0.158392  1.88871  0.507617  0.339519  1.78412  4.86991  -0.602237  0.0264087  4.8313  D+  20.1079  -0.253123  0.00737452  20.0192  0  0  0  0  0  0  0  0  0  0  0  0  0  0  0  0  0  0
84128  s  0.450927  0.00372713  0.0449669  2.55047  0.009764  0.0776474  2.54708  12.7252  -0.291599  0.676831  12.7034  tau+  20.6669  -0.255369  -0.218624  20.5877  0  0  0  0  0  0  0  0  0  0  0  0  0  0  0  0  0  0
84857  s  1.52536  0.0633762  0.124545  12.0586  0.885419  -0.308229  12.0216  4.43311  -0.136927  0.382826  4.41316  D+  16.1865  -1.59321  1.00298  15.9676  0  0  0  0  0  0  0  0  0  0  0  0  0  0  0  0  0  0
84923  s  0.808921  0.0248492  0.110252  17.5901  -0.442864  0.403471  17.5796  0.368767  -0.180785  0.0957201  0.288062  D+  8.42984  -0.683148  -0.150946  8.19007  0  0  0  0  0  0  0  0  0  0  0  0  0  0  0  0  0  0
85261  s  1.37128  0.0331201  0.0727141  1.36756  -0.192771  -0.180509  1.33765  11.2852  -0.00481584  -0.378581  11.2783  D+  23.7568  0.136953  0.490878  23.6777  0  0  0  0  0  0  0  0  0  0  0  0  0  0  0  0  0  0
87070  s  1.30327  0.044321  0.102964  6.84691  0.112388  -0.647079  6.81451  3.51432  -0.423579  1.05181  3.32469  D0  11.0358  -0.188323  2.09611  10.6715  0  0  0  0  0  0  0  0  0  0  0  0  0  0  0  0  0  0
87214  s  1.37989  0.0424977  0.0926568  7.74655  0.602406  -0.306926  7.71626  4.13793  -0.739941  -0.163233  4.06659  D+  20.0092  -1.05286  -0.385183  19.8901  0  0  0  0  0  0  0  0  0  0  0  0  0  0  0  0  0  0
87404  s  0.803902  0.0129513  0.0580308  5.03174  0.0460868  0.302012  5.02134  3.58232  0.366486  0.165643  3.55811  Lambda_c+  23.8206  -0.202642  -0.225721  23.7087  0  0  0  0  0  0  0  0  0  0  0  0  0  0  0  0  0  0
88162  s  1.10002  0.0331077  0.0946226  13.3713  -0.297058  0.655601  13.3515  2.58427  0.0509307  -0.475096  2.53751  D+  14.466  0.216158  -0.153781  14.3422  0  0  0  0  0  0  0  0  0  0  0  0  0  0  0  0  0  0
88586  s  1.92038  0.102148  0.16422  12.3745  -0.98742  0.675749  12.3161  2.80661  0.0531051  0.351654  2.78198  D+  15.4637  2.01415  -0.0425901  15.2175  0  0  0  0  0  0  0  0  0  0  0  0  0  0  0  0  0  0
89313  s  0.582267  0.00644418  0.049206  3.58666  0.0229083  -0.167333  3.58113  5.38337  0.058622  0.044279  5.38183  Lambda_c+  26.1557  0.135362  0.68519  26.0462  0  0  0  0  0  0  0  0  0  0  0  0  0  0  0  0  0  0
89891  s  2.16721  0.0918499  0.135665  4.37296  -0.582027  0.543672  4.29852  10.092  -0.166167  0.207544  10.0879  D+  16.3972  -0.471061  0.410954  16.2783  0  0  0  0  0  0  0  0  0  0  0  0  0  0  0  0  0  0
89936  s  0.839602  0.0131519  0.0551194  3.06019  0.204199  0.127704  3.04887  11.9772  -0.154163  -0.598768  11.9608  D0  18.2108  0.128935  -0.474122  18.1084  0  0  0  0  0  0  0  0  0  0  0  0  0  0  0  0  0  0
90027  s  0.907245  0.0191546  0.0714947  8.72369  -0.0160818  -0.467491  8.7105  4.36241  0.192318  0.408411  4.33771  Lambda_c+  18.0553  0.469795  1.28888  17.8573  0  0  0  0  0  0  0  0  0  0  0  0  0  0  0  0  0  0
90497  s  1.1748  0.036303  0.0954338  11.3632  -0.106832  -0.690575  11.3412  4.58223  -0.428472  0.111968  4.55956  D+  17.0193  -0.46916  0.796762  16.891  0  0  0  0  0  0  0  0  0  0  0  0  0  0  0  0  0  0
91074  s  1.02311  0.0437545  0.137714  18.8741  -0.645129  0.451428  18.8574  2.73134  -0.0692821  0.263918  2.71562  D+  9.10667  -0.259372  -0.602114  8.88854  0  0  0  0  0  0  0  0  0  0  0  0  0  0  0  0  0  0
91538  d  3.48264  0.228425  0.227653  4.92886  -0.0400564  -0.205275  4.92329  2.71825  -0.292099  0.849124  2.56347  mu-  2.56685  -0.18665  0.829929  2.41949  1.59217  -0.323618  -0.248343  1.5354  mu+  1.48947  -0.274281  -0.257568  1.43728  0  0  0  0  0  0  0  0  0
92321  s  0.748253  0.0112184  0.0562924  5.02743  0.00436057  0.281995  5.01841  1.19072  0.0597439  0.0672849  1.18261  D0  20.6803  0.446697  -0.828057  20.5746  0  0  0  0  0  0  0  0  0  0  0  0  0  0  0  0  0  0
93071  s  1.47721  0.0662159  0.134358  14.0612  -0.230528  -0.953812  14.0265  0.995707  -0.00701639  0.259328  0.955494  D0  11.783  0.0967505  0.105953  11.6336  0  0  0  0  0  0  0  0  0  0  0  0  0  0  0  0  0  0
93140  s  1.86208  0.0598372  0.0985785  0.743547  -0.151779  -0.211103  0.688547  5.03444  -0.423744  -0.0973792  5.01452  Lambda_c+  23.6945  -0.259196  0.824622  23.5681  0  0  0  0  0  0  0  0  0  0  0  0  0  0  0  0  0  0
93934  s  0.659833  0.0129779  0.0800308  13.7454  0.322835  -0.280466  13.7383  4.51462  -0.332988  -0.424159  4.48105  D+  14.2883  -1.01405  0.847438  14.1037  0  0  0  0  0  0  0  0  0  0  0  0  0  0  0  0  0  0
94125  s  2.99957  0.223342  0.27827  6.92525  -0.677576  1.65917  6.6885  0.881865  0.0494386  0.0134667  0.874012  D0  13.1697  -0.506955  -1.94085  12.8818  0  0  0  0  0  0  0  0  0  0  0  0  0  0  0  0  0  0
94209  s  1.56981  0.0532341  0.101758  6.94795  -0.461306  0.563266  6.90889  2.48892  0.0998459  0.352317  2.45957  D+  19.2877  0.702192  -0.364125  19.1806  0  0  0  0  0  0  0  0  0  0  0  0  0  0  0  0  0  0
94408  s  1.7384  0.0703072  0.122525  8.71733  -0.12593  0.898234  8.66938  3.58035  0.372194  0.0279363  3.55927  D+  10.7454  0.513375  -0.347439  10.5634  0  0  0  0  0  0  0  0  0  0  0  0  0  0  0  0  0  0
94429  s  0.926684  0.0244687  0.088547  12.9103  0.584475  0.0330062  12.8966  1.45823  0.148753  -0.515455  1.35183  Lambda_c+  15.9309  -0.616561  -1.07063  15.7175  0  0  0  0  0  0  0  0  0  0  0  0  0  0  0  0  0  0
94788  cbar  3.30857  0.285109  0.283907  7.63959  -1.69248  0.724296  7.41371  1.14638  0.00128931  -0.493274  1.02942  D+  5.75749  -0.354791  -0.284804  5.42644  0  0  0  0  0  0  0  0  0  0  0  0  0  0  0  0  0  0
94923  s  1.80652  0.0603838  0.101923  2.82202  -0.502275  0.161576  2.77025  1.76643  -0.176749  -0.171942  1.74594  D0  23.5394  0.322934  -0.741372  23.4515  0  0  0  0  0  0  0  0  0  0  0  0  0  0  0  0  0  0
95172  s  0.358158  0.00266721  0.0494483  5.99369  0.0467203  -0.114357  5.99148  2.54568  -0.127246  0.112141  2.53783  D_s+  23.5982  0.100708  -0.286578  23.514  0  0  0  0  0  0  0  0  0  0  0  0  0  0  0  0  0  0
95275  s  2.59052  0.119505  0.15929  1.69809  0.433472  0.388072  1.59181  1.29291  -0.290377  -0.0155364  1.25535  D0  23.4812  -1.71323  -0.579316  23.337  0  0  0  0  0  0  0  0  0  0  0  0  0  0  0  0  0  0
95464  s  0.875527  0.0134706  0.0529994  1.29838  0.0975878  -0.105323  1.28608  2.33552  0.123199  0.113804  2.32709  D+  20.7388  0.268142  -0.283176  20.6507  0  0  0  0  0  0  0  0  0  0  0  0  0  0  0  0  0  0
95953  s  0.511669  0.00483495  0.0463839  1.66565  0.0866591  -0.0117896  1.65999  4.05841  0.1486  0.322376  4.04148  D+  15.2733  0.524824  -0.61483  15.1369  0  0  0  0  0  0  0  0  0  0  0  0  0  0  0  0  0  0
96021  s  2.79906  0.160168  0.205676  5.55586  -1.15587  0.125943  5.43181  0.783791  0.0468008  -0.158693  0.758808  D+  18.7118  -0.168461  0.760356  18.6019  0  0  0  0  0  0  0  0  0  0  0  0  0  0  0  0  0  0
96077  s  2.96414  0.169229  0.212033  5.01223  1.01153  0.70507  4.85706  10.1647  0.289215  -0.705683  10.1355  D+  17.2808  0.680882  -1.15008  17.1273  0  0  0  0  0  0  0  0  0  0  0  0  0  0  0  0  0  0
97260  s  1.39233  0.0335442  0.0724409  0.82593  0.10506  0.166648  0.795102  4.04433  -0.4789  0.00552253  4.01449  D0  18.9071  0.943274  -0.0313581  18.7912  0  0  0  0  0  0  0  0  0  0  0  0  0  0  0  0  0  0
97304  s  0.31105  0.00205424  0.0498245  6.5241  -0.0797427  -0.0688359  6.52239  2.99078  0.376047  0.122424  2.96264  D+  20.1706  -0.125656  -0.458412  20.0782  0  0  0  0  0  0  0  0  0  0  0  0  0  0  0  0  0  0
97445  s  1.55793  0.0476263  0.0917115  4.46529  0.57272  -0.0603528  4.42673  9.22342  0.264374  0.0261041  9.21899  D+  19.7592  -0.475833  -0.0167112  19.6648  0  0  0  0  0  0  0  0  0  0  0  0  0  0  0  0  0  0
97515  s  1.7833  0.0882673  0.150519  12.4232  -1.05632  0.352435  12.3727  4.02184  0.371214  -0.448654  3.97806  D+  13.1323  0.574354  -0.355772  12.981  0  0  0  0  0  0  0  0  0  0  0  0  0  0  0  0  0  0
98256  s  0.926882  0.0187076  0.0676835  7.15063  0.430529  -0.00896937  7.13687  2.04806  0.169217  0.00367416  2.03832  D+  18.0081  -0.499859  0.227706  17.9024  0  0  0  0  0  0  0  0  0  0  0  0  0  0  0  0  0  0
98285  s  2.50333  0.159675  0.216491  10.7086  -1.30836  0.626943  10.6093  2.11377  -0.142982  0.0406735  2.10589  D+  14.159  1.0666  -0.816392  13.9706  0  0  0  0  0  0  0  0  0  0  0  0  0  0  0  0  0  0
98749  s  0.901551  0.019475  0.0733647  9.37997  0.478699  -0.0615363  9.36695  12.3168  0.00207779  0.153973  12.3153  D+  19.2976  -0.435223  0.503169  19.1953  0  0  0  0  0  0  0  0  0  0  0  0  0  0  0  0  0  0
98868  s  2.49858  0.216811  0.294004  16.2785  -0.799685  1.59968  16.1797  2.97188  0.135483  -0.0813578  2.9658  Lambda_c+  13.0897  0.711396  -0.617839  12.8539  0  0  0  0  0  0  0  0  0  0  0  0  0  0  0  0  0  0
