254  s  0.833615  0.0239031  0.101224  0.356602  -0.0027884  0.0649522  0.334327  1.74482  -0.197643  -0.158531  1.72309  D+  12.4091  -0.520806  0.55587  12.2438  0  0  0  0  0  0  0  0  0  0  0  0  0  0  0  0  0  0
972  s  0.607886  0.0164433  0.116507  3.87337  -0.205354  -0.198896  3.86137  2.3837  0.0445294  0.596378  2.30504  D0  7.91157  -0.415729  1.46164  7.53697  0  0  0  0  0  0  0  0  0  0  0  0  0  0  0  0  0  0
1057  d  3.67104  0.568111  0.558708  3.20778  0.869858  1.33454  2.78227  0.241609  -0.00890154  -0.176472  0.12645  eta  0.801136  -0.197345  -0.411718  0.364998  0.346131  0.0195051  -0.195212  0.264866  eta  0.801136  -0.197345  -0.411718  0.364998  0  0  0  0  0  0  0  0  0
1194  s  0.662737  0.0165873  0.101508  1.73827  0.134561  0.141154  1.72406  4.07239  -0.119688  -0.235203  4.06246  D0  8.95913  0.0488137  -0.565706  8.74447  0  0  0  0  0  0  0  0  0  0  0  0  0  0  0  0  0  0
1988  s  0.478945  0.00845067  0.0913167  1.38383  0.030676  0.0940261  1.37624  4.42317  0.0966201  0.0911513  4.41992  D+  12.5834  0.169491  -0.155236  12.4416  0  0  0  0  0  0  0  0  0  0  0  0  0  0  0  0  0  0
2496  s  1.17927  0.0534499  0.139704  1.98386  0.293133  -0.276454  1.93964  1.62878  0.0594995  0.185525  1.61363  Lambda_c+  11.1546  -0.317665  -0.241491  10.9105  0  0  0  0  0  0  0  0  0  0  0  0  0  0  0  0  0  0
3121  s  1.58924  0.101895  0.192086  2.63994  0.374889  -0.514249  2.55991  2.05814  -0.271618  0.209563  2.02659  D+  8.85942  -0.637401  0.889688  8.59046  0  0  0  0  0  0  0  0  0  0  0  0  0  0  0  0  0  0
4095  cbar  2.03242  0.220488  0.219055  5.86544  0.849703  0.884656  5.73477  1.73995  -0.452555  -0.191267  1.66579  Lambda_c+  4.69755  -0.0802774  -0.0944777  4.10167  0  0  0  0  0  0  0  0  0  0  0  0  0  0  0  0  0  0
4325  s  0.366684  0.00519587  0.0921279  2.05884  -0.0739792  -0.047526  2.05424  4.87741  -0.440214  0.168918  4.85342  D+  10.185  -0.132367  0.575781  9.99448  0  0  0  0  0  0  0  0  0  0  0  0  0  0  0  0  0  0
5560  s  0.979648  0.0368978  0.123267  1.98836  0.269583  -0.192421  1.95774  0.581017  0.096443  -0.138035  0.54595  Lambda_c+  13.3145  -0.50795  -0.502475  13.0972  0  0  0  0  0  0  0  0  0  0  0  0  0  0  0  0  0  0
7729  s  0.420811  0.00636539  0.0872264  1.02407  -0.014672  0.0273656  1.01813  4.65709  0.419879  -0.269185  4.6291  D+  12.6138  0.391431  0.129583  12.4676  0  0  0  0  0  0  0  0  0  0  0  0  0  0  0  0  0  0
9579  s  1.10731  0.0476609  0.134929  0.65157  0.121484  0.203062  0.597818  0.339717  -0.0164272  -0.190842  0.25991  D+  7.90802  -0.551126  -0.521159  7.6463  0  0  0  0  0  0  0  0  0  0  0  0  0  0  0  0  0  0
9895  s  3.08  0.458497  0.55964  4.82326  -1.14802  1.21304  4.52363  2.69288  0.311644  -0.227316  2.66302  Lambda_c+  9.47182  1.11723  -1.31228  9.02868  0  0  0  0  0  0  0  0  0  0  0  0  0  0  0  0  0  0
11386  s  1.26547  0.0814847  0.195496  5.37595  0.724512  -0.0912027  5.32508  0.503903  0.125884  -0.0156441  0.476091  D0  6.57451  -1.17381  0.470906  6.17632  0  0  0  0  0  0  0  0  0  0  0  0  0  0  0  0  0  0
11896  s  2.06695  0.210938  0.320025  5.05579  0.160422  1.1451  4.92065  2.0425  -0.143191  -0.63708  1.93243  D+  5.62718  -0.928057  -1.0544  5.11827  0  0  0  0  0  0  0  0  0  0  0  0  0  0  0  0  0  0
12211  s  1.1528  0.0932852  0.250525  8.25722  0.816651  -0.135378  8.21494  0.142634  0.0104394  -0.081088  0.0499613  Lambda_c+  6.6039  -0.7109  0.796024  6.10284  0  0  0  0  0  0  0  0  0  0  0  0  0  0  0  0  0  0
13014  s  0.926925  0.0407999  0.147464  4.62689  -0.0153476  0.491869  4.59944  1.3633  0.174245  0.0963247  1.34454  D+  7.99761  0.618581  -0.577889  7.72979  0  0  0  0  0  0  0  0  0  0  0  0  0  0  0  0  0  0
13870  s  0.794376  0.0252871  0.115362  2.55068  -0.28767  -0.0949981  2.53042  4.98859  0.426477  -0.0189587  4.96916  D0  10.1672  0.381071  -0.668927  9.96499  0  0  0  0  0  0  0  0  0  0  0  0  0  0  0  0  0  0
15134  s  1.49234  0.101558  0.203546  4.16302  -0.751344  -0.0851443  4.09241  1.58757  0.540328  -0.370466  1.44223  D0  7.20264  0.997665  0.373933  6.87497  0  0  0  0  0  0  0  0  0  0  0  0  0  0  0  0  0  0
15367  s  1.61656  0.137309  0.254491  5.7068  0.266973  -0.925041  5.624  0.271096  -0.120771  0.212893  0.0491931  D+  6.95232  -0.822724  0.856163  6.5901  0  0  0  0  0  0  0  0  0  0  0  0  0  0  0  0  0  0
16455  d  1.60721  0.205799  0.204547  9.16022  1.11317  0.492346  9.07837  0.94192  0.394335  0.0207858  0.848597  omega  3.64777  0.530847  -0.680175  3.45637  2.70585  0.136512  -0.700961  2.60777  omega  3.64777  0.530847  -0.680175  3.45637  0  0  0  0  0  0  0  0  0
16675  s  0.917946  0.0314493  0.115317  1.57101  0.266335  0.0425132  1.54408  3.63489  0.310098  0.268647  3.61012  D+  11.0584  0.164866  -0.414179  10.8901  0  0  0  0  0  0  0  0  0  0  0  0  0  0  0  0  0  0
17298  s  0.679125  0.0186283  0.109444  2.65519  0.115883  -0.233072  2.64029  0.561181  -0.128265  0.113499  0.523858  D+  9.46939  -0.385469  0.073142  9.27469  0  0  0  0  0  0  0  0  0  0  0  0  0  0  0  0  0  0
17485  d  2.80668  0.271738  0.269566  0.400712  0.218291  -0.280534  0.151843  0.950913  -0.133311  0.0127628  0.935488  eta  3.32079  -0.087763  0.115544  3.27208  2.17081  0.0093575  0.00293058  2.16821  eta  3.32079  -0.087763  0.115544  3.27208  0  0  0  0  0  0  0  0  0
17605  s  0.821267  0.0246934  0.106989  1.29338  -0.203257  -0.0548438  1.27175  6.4514  0.0778115  0.164482  6.44797  Lambda_c+  12.3887  -0.270498  0.298456  12.1692  0  0  0  0  0  0  0  0  0  0  0  0  0  0  0  0  0  0
18504  s  0.86904  0.0328031  0.130402  3.70867  -0.413987  -0.0934447  3.68279  0.737016  -0.074911  -0.283144  0.668017  D0  8.54896  -0.37253  -0.191036  8.33257  0  0  0  0  0  0  0  0  0  0  0  0  0  0  0  0  0  0
19334  s  1.30812  0.0688642  0.159086  2.60729  -0.218714  0.470519  2.55296  3.70533  0.469717  -0.660229  3.61411  D+  11.008  0.478611  -0.205299  10.8356  0  0  0  0  0  0  0  0  0  0  0  0  0  0  0  0  0  0
20865  s  0.442555  0.00777546  0.0970769  2.42591  -0.139387  0.0324313  2.41938  3.32979  -0.596726  -0.309112  3.25956  D+  7.81392  0.0325744  -0.190795  7.58448  0  0  0  0  0  0  0  0  0  0  0  0  0  0  0  0  0  0
21125  s  1.7921  0.147831  0.2503  4.27187  0.486728  -0.781187  4.1702  1.98386  0.0705861  0.511192  1.91265  D0  7.65902  -0.276743  0.370973  7.41409  0  0  0  0  0  0  0  0  0  0  0  0  0  0  0  0  0  0
22227  s  0.832486  0.0242809  0.103036  0.638888  0.0671537  0.110543  0.616672  1.02849  0.262625  0.0187392  0.988584  D+  12.7316  -0.524613  -0.199686  12.5811  0  0  0  0  0  0  0  0  0  0  0  0  0  0  0  0  0  0
22658  s  1.50752  0.123694  0.245254  6.05811  0.823021  -0.423364  5.98606  2.74236  0.513874  0.430887  2.657  D+  6.98323  0.038949  0.191171  6.72547  0  0  0  0  0  0  0  0  0  0  0  0  0  0  0  0  0  0
23413  s  0.740125  0.0334822  0.170836  7.13051  0.487085  0.0524176  7.11287  0.134661  0.0539471  0.0581976  0.0259266  Lambda_c+  8.09441  -0.497212  0.673587  7.71949  0  0  0  0  0  0  0  0  0  0  0  0  0  0  0  0  0  0
24861  s  2.70717  0.254232  0.329798  0.487178  -0.391938  -0.0849835  0.255619  0.917274  -0.23046  0.0988148  0.875985  D+  10.1406  -0.51626  -0.645773  9.93241  0  0  0  0  0  0  0  0  0  0  0  0  0  0  0  0  0  0
25327  s  0.622245  0.0147954  0.100728  1.9033  -0.142821  -0.126958  1.89073  3.84803  0.187861  -0.205374  3.83649  D+  8.93053  0.0255347  0.132954  8.73159  0  0  0  0  0  0  0  0  0  0  0  0  0  0  0  0  0  0
25508  d  1.74449  0.246275  0.244486  9.26393  -0.759462  -1.09  9.16757  0.50993  0.0427317  0.296079  0.399219  eta  0.936723  0.243081  0.399325  0.598968  0.337337  0.217896  0.177764  0.153471  eta  0.936723  0.243081  0.399325  0.598968  0  0  0  0  0  0  0  0  0
25535  s  0.945989  0.0381783  0.134015  2.08464  0.0602903  0.330182  2.05473  1.91024  -0.377242  0.0146226  1.86958  D+  8.67173  -0.89486  -0.666225  8.39398  0  0  0  0  0  0  0  0  0  0  0  0  0  0  0  0  0  0
26419  s  0.793983  0.0243568  0.111207  2.05643  -0.021743  -0.266831  2.03619  1.66381  0.241752  -0.507374  1.56244  D+  7.88733  -0.194269  -0.871288  7.61036  0  0  0  0  0  0  0  0  0  0  0  0  0  0  0  0  0  0
26433  s  0.764132  0.0270554  0.131204  4.34823  -0.18256  0.344113  4.32946  1.88136  -0.464725  0.544048  1.73678  tau+  7.33526  -0.383579  0.339842  7.09834  0  0  0  0  0  0  0  0  0  0  0  0  0  0  0  0  0  0
27527  s  1.51626  0.0987619  0.194844  2.71349  0.235959  0.606127  2.63226  1.36037  -0.227233  0.0367057  1.33658  D+  7.3046  -0.217736  -0.209329  7.05482  0  0  0  0  0  0  0  0  0  0  0  0  0  0  0  0  0  0
27614  s  0.523174  0.0102863  0.0948131  1.66897  -0.0945004  0.0991146  1.65999  2.97495  -0.474566  0.215266  2.92705  Lambda_c+  10.9533  0.274314  -0.363141  10.7023  0  0  0  0  0  0  0  0  0  0  0  0  0  0  0  0  0  0
29310  s  1.01031  0.0479321  0.153369  4.50073  -0.0264985  -0.529253  4.46818  2.3859  0.148415  0.374878  2.34922  D+  7.07571  -0.501693  -0.102022  6.805  0  0  0  0  0  0  0  0  0  0  0  0  0  0  0  0  0  0
29823  s  0.542576  0.0153877  0.132932  4.85015  -0.180862  -0.273172  4.83792  2.01528  0.175514  0.368757  1.97063  Lambda_c+  7.82605  0.0495031  -0.698718  7.45174  0  0  0  0  0  0  0  0  0  0  0  0  0  0  0  0  0  0
29858  s  1.12852  0.0581951  0.16073  4.0179  0.446847  -0.377616  3.97368  2.73614  -0.150014  -0.00810583  2.72997  D+  8.0689  -0.0447852  0.172401  7.84728  0  0  0  0  0  0  0  0  0  0  0  0  0  0  0  0  0  0
29909  s  0.825502  0.0242062  0.104054  0.8469  0.135  0.0845233  0.825049  1.54159  0.0422897  -0.0297688  1.53709  D+  11.9017  0.472016  -0.103945  11.744  0  0  0  0  0  0  0  0  0  0  0  0  0  0  0  0  0  0
29954  s  0.588624  0.0130162  0.0975038  1.66386  -0.146494  0.0692416  1.65258  2.15759  -0.168088  0.0406478  2.14805  D+  9.17154  -0.248841  0.41331  8.96599  0  0  0  0  0  0  0  0  0  0  0  0  0  0  0  0  0  0
30875  s  1.62655  0.0975634  0.180014  1.39817  -0.42859  0.180288  1.31435  5.25434  -1.04348  -0.125604  5.14706  D0  7.01789  -1.08137  -0.471126  6.66196  0  0  0  0  0  0  0  0  0  0  0  0  0  0  0  0  0  0
31201  s  0.81779  0.0260419  0.113566  2.16368  0.07283  0.275494  2.14223  2.24414  0.128559  -0.210213  2.22807  D0  9.08641  0.388571  0.225599  8.88162  0  0  0  0  0  0  0  0  0  0  0  0  0  0  0  0  0  0
32571  s  0.42496  0.0064695  0.0870557  0.973578  0.0238828  -0.00287145  0.967529  5.3313  -0.0155195  -0.0577201  5.32992  D+  10.5162  0.399511  -0.0339269  10.3409  0  0  0  0  0  0  0  0  0  0  0  0  0  0  0  0  0  0
33483  s  1.27153  0.0602598  0.143862  1.55121  0.268337  0.271162  1.49985  0.344335  -0.110077  0.134393  0.277892  D0  9.10606  -1.07031  0.0227263  8.84853  0  0  0  0  0  0  0  0  0  0  0  0  0  0  0  0  0  0
33509  s  0.757719  0.0217548  0.10694  1.78513  -0.0566643  -0.226295  1.76667  2.00141  -0.0276147  -0.0124452  1.99839  D0  10.4258  0.0352657  -0.635132  10.2379  0  0  0  0  0  0  0  0  0  0  0  0  0  0  0  0  0  0
33704  d  2.28878  0.223749  0.222274  3.37262  0.204419  1.0182  3.207  0.83975  -0.0552747  -0.190856  0.809034  eta  1.47893  -0.00542019  -0.51134  1.27499  0.55946  -0.019292  -0.339777  0.431289  eta  1.47893  -0.00542019  -0.51134  1.27499  0  0  0  0  0  0  0  0  0
35698  s  1.62178  0.109197  0.201954  3.01331  -0.0770598  0.69148  2.92998  0.831655  0.100866  0.0627604  0.816316  Lambda_c+  11.1459  -0.836176  -0.894748  10.8399  0  0  0  0  0  0  0  0  0  0  0  0  0  0  0  0  0  0
36339  s  1.84557  0.150404  0.248646  3.78069  -0.477175  -0.751465  3.67288  0.907671  0.0281439  0.436761  0.788131  D+  7.77979  1.02515  0.304657  7.47569  0  0  0  0  0  0  0  0  0  0  0  0  0  0  0  0  0  0
36892  s  0.804008  0.0338754  0.151629  5.67993  -0.466743  -0.0788971  5.65919  1.92203  0.321648  -0.539765  1.81335  D+  5.94603  -0.138165  -0.0301114  5.64268  0  0  0  0  0  0  0  0  0  0  0  0  0  0  0  0  0  0
37533  d  3.27409  0.399305  0.394635  1.54292  -0.638784  0.714739  1.20439  0.941441  0.119735  -0.25905  0.8909  rho0  3.87231  0.450117  0.180784  3.76774  2.93087  0.330382  0.439834  2.87684  rho0  3.87231  0.450117  0.180784  3.76774  0  0  0  0  0  0  0  0  0
38223  s  0.779987  0.0213192  0.100101  0.641916  0.0658393  0.095979  0.622371  1.49906  -0.53519  0.0409857  1.39567  D+  6.70379  0.0793972  -0.129819  6.43601  0  0  0  0  0  0  0  0  0  0  0  0  0  0  0  0  0  0
38228  s  1.37979  0.0747042  0.162631  2.26833  0.467419  0.201942  2.20792  0.867432  0.285288  -0.0425466  0.811218  D+  10.2955  -0.800986  -0.957284  10.0471  0  0  0  0  0  0  0  0  0  0  0  0  0  0  0  0  0  0
39387  s  1.23563  0.090733  0.22384  6.88183  0.570727  0.573192  6.83331  1.33929  0.129087  0.403135  1.26624  D+  6.06855  -0.0224445  -0.336557  5.76351  0  0  0  0  0  0  0  0  0  0  0  0  0  0  0  0  0  0
40791  s  1.57396  0.10034  0.190903  2.69206  -0.180947  0.610428  2.61355  0.905504  0.308242  0.0367733  0.844042  D+  9.73007  0.425913  -0.582897  9.52143  0  0  0  0  0  0  0  0  0  0  0  0  0  0  0  0  0  0
40842  s  0.943971  0.035602  0.125364  4.01494  -0.381794  0.346327  3.98031  1.13327  -0.401569  -0.372396  0.98651  D+  7.57273  -0.674512  -0.443293  7.29379  0  0  0  0  0  0  0  0  0  0  0  0  0  0  0  0  0  0
41120  s  1.06329  0.0392212  0.117139  0.487789  0.108562  0.104369  0.45177  1.1235  -0.0266306  0.325088  1.0699  D+  11.0146  -0.607093  -0.240087  10.8352  0  0  0  0  0  0  0  0  0  0  0  0  0  0  0  0  0  0
41802  d  1.83761  0.195081  0.193957  6.6246  -0.722474  -0.933577  6.51772  0.519678  0.17073  0.310009  0.365578  eta  1.18428  0.311242  0.350756  0.939399  0.268784  0.0391464  0.13531  0.203075  eta  1.18428  0.311242  0.350756  0.939399  0  0  0  0  0  0  0  0  0
42638  d  1.95568  0.14318  0.142574  1.61393  0.301331  -0.523455  1.49291  1.15875  0.0643167  0.0836667  1.14908  eta  4.39798  0.0311894  0.219435  4.35809  0.679779  -0.137038  0.0822102  0.652225  eta  4.39798  0.0311894  0.219435  4.35809  0  0  0  0  0  0  0  0  0
42815  s  0.538742  0.0161297  0.141099  6.25986  0.327819  -0.0180858  6.25035  1.82316  -0.208676  -0.0759321  1.8065  D0  8.02662  -0.129395  0.501018  7.78981  0  0  0  0  0  0  0  0  0  0  0  0  0  0  0  0  0  0
43177  s  0.526022  0.0115234  0.10519  2.98771  -0.167267  0.121823  2.97866  2.65291  0.601585  -0.176805  2.57558  D+  10.85  0.13062  -0.564506  10.6719  0  0  0  0  0  0  0  0  0  0  0  0  0  0  0  0  0  0
43956  s  0.736459  0.034741  0.178674  7.52945  -0.417228  0.278251  7.51199  1.63968  0.275716  -0.101931  1.60965  D+  5.1806  0.147351  -0.102536  4.82814  0  0  0  0  0  0  0  0  0  0  0  0  0  0  0  0  0  0
43976  s  1.43023  0.0889974  0.186396  5.01414  -0.156306  0.831164  4.94117  0.293339  0.206894  0.111739  0.139975  D+  4.98773  0.131156  -0.488345  4.59634  0  0  0  0  0  0  0  0  0  0  0  0  0  0  0  0  0  0
45237  s  0.886662  0.0274864  0.106064  0.607022  0.0981135  -0.0954737  0.581868  6.02816  -0.166018  -0.466508  6.00685  D+  10.0418  0.195954  -0.0507741  9.86416  0  0  0  0  0  0  0  0  0  0  0  0  0  0  0  0  0  0
45765  s  1.44499  0.0843263  0.174757  2.65011  -0.182718  -0.549286  2.58396  1.34063  0.337281  0.138262  1.28578  D+  7.13987  0.121656  0.203461  6.88666  0  0  0  0  0  0  0  0  0  0  0  0  0  0  0  0  0  0
46547  s  0.77953  0.022722  0.106781  1.59743  -0.215378  -0.0666318  1.57791  0.415612  -0.111866  -0.188432  0.336969  D0  4.50466  -0.323216  -0.0528779  4.08742  0  0  0  0  0  0  0  0  0  0  0  0  0  0  0  0  0  0
46885  s  0.55226  0.0141685  0.118642  4.3779  0.180496  0.208538  4.36792  0.394463  0.172677  0.175711  0.289388  D+  6.83717  -0.683407  -0.103927  6.54015  0  0  0  0  0  0  0  0  0  0  0  0  0  0  0  0  0  0
46888  s  0.450779  0.0074273  0.089647  1.2696  -0.0712531  -0.0297533  1.26283  0.698104  0.0730442  -0.0160232  0.685998  Lambda_c+  11.2418  -0.143248  0.089712  11.0055  0  0  0  0  0  0  0  0  0  0  0  0  0  0  0  0  0  0
47345  s  0.512204  0.0095034  0.0909802  1.13776  -0.0834629  0.0378227  1.12913  2.46245  -0.0753691  0.580056  2.38964  D0  10.4413  -0.228968  -0.0319875  10.2708  0  0  0  0  0  0  0  0  0  0  0  0  0  0  0  0  0  0
47350  s  1.17284  0.0518871  0.136548  1.7217  -0.364995  0.0658898  1.67795  1.69346  0.0551568  -0.194741  1.678  D0  9.40102  0.0641448  0.229421  9.21112  0  0  0  0  0  0  0  0  0  0  0  0  0  0  0  0  0  0
48300  s  1.75456  0.104939  0.181071  0.806837  0.288819  0.323969  0.6719  0.554545  0.0974365  -0.196072  0.498415  D0  9.62157  1.05686  -0.478533  9.36755  0  0  0  0  0  0  0  0  0  0  0  0  0  0  0  0  0  0
48392  s  0.844289  0.036648  0.152158  4.44226  0.487258  -0.045599  4.41395  2.04123  0.281243  -0.0612881  2.01807  D+  7.91908  0.179808  0.43663  7.68072  0  0  0  0  0  0  0  0  0  0  0  0  0  0  0  0  0  0
48955  d  1.13967  0.106372  0.106036  9.34203  -0.310414  -0.81422  9.30071  0.803123  -0.249515  -0.365838  0.661625  omega  1.27471  -0.693856  -0.249265  0.675696  0.471583  -0.444341  0.116573  0.0140711  omega  1.27471  -0.693856  -0.249265  0.675696  0  0  0  0  0  0  0  0  0
49432  s  1.17229  0.065324  0.171941  4.63817  0.418514  -0.46606  4.59446  2.40989  0.0908755  0.589494  2.33251  D+  6.58795  0.0422315  -0.00135586  6.31695  0  0  0  0  0  0  0  0  0  0  0  0  0  0  0  0  0  0
49782  s  0.366788  0.00513355  0.0909742  1.88349  0.0583294  0.0522229  1.87889  3.21752  0.324382  -0.0760728  3.19848  D+  11.4825  -0.185443  -0.580083  11.3129  0  0  0  0  0  0  0  0  0  0  0  0  0  0  0  0  0  0
51309  d  1.50969  0.119094  0.118673  5.55396  0.798208  0.224699  5.49069  1.39237  -0.179444  0.0925551  1.37359  eta  6.55426  -0.258352  0.982357  6.45185  2.33576  -0.0883642  0.47582  2.28263  eta  6.55426  -0.258352  0.982357  6.45185  0  0  0  0  0  0  0  0  0
51525  s  0.830173  0.0318646  0.135763  3.06229  -0.313767  -0.198587  3.03786  0.779515  0.394167  0.173612  0.64107  D0  8.98837  0.495104  0.38362  8.77045  0  0  0  0  0  0  0  0  0  0  0  0  0  0  0  0  0  0
51904  s  0.835567  0.0450074  0.189796  7.58245  0.428077  0.380061  7.56008  0.566133  -0.0551095  -0.383856  0.398698  Lambda_c+  7.38947  -0.263915  -0.168411  7.01986  0  0  0  0  0  0  0  0  0  0  0  0  0  0  0  0  0  0
53922  s  0.854482  0.0253993  0.103591  0.313251  0.0473475  0.0860258  0.278064  0.80248  -0.097848  0.461426  0.640564  Lambda_c+  9.66101  -0.499975  0.138084  9.3722  0  0  0  0  0  0  0  0  0  0  0  0  0  0  0  0  0  0
54088  s  1.16798  0.0505541  0.133733  1.46897  -0.296731  -0.162415  1.42558  2.16451  -0.225137  0.190542  2.14172  D+  9.89364  0.460226  -0.462543  9.69344  0  0  0  0  0  0  0  0  0  0  0  0  0  0  0  0  0  0
54339  s  0.712751  0.0227932  0.12366  3.97183  0.220456  0.264718  3.95545  1.28469  -0.563399  0.450506  1.05778  D+  6.35211  -0.689056  0.165068  6.02924  0  0  0  0  0  0  0  0  0  0  0  0  0  0  0  0  0  0
54797  s  1.16034  0.132568  0.352709  10.4367  -0.924717  0.160838  10.3939  0.124658  0.0535711  -0.0221895  0.0318316  Lambda_c+  5.40535  0.896043  0.0204642  4.81525  0  0  0  0  0  0  0  0  0  0  0  0  0  0  0  0  0  0
55586  s  0.511007  0.0162737  0.156417  7.29809  -0.00122713  -0.337854  7.28949  1.89513  0.0671232  0.372252  1.85399  Lambda_c+  7.75872  0.243211  0.760932  7.371  0  0  0  0  0  0  0  0  0  0  0  0  0  0  0  0  0  0
55705  s  0.67323  0.0180836  0.107796  1.17259  0.104875  0.188332  1.14775  0.49462  -0.0277689  0.0583314  0.478864  D0  11.5179  0.393195  -1.1499  11.3007  0  0  0  0  0  0  0  0  0  0  0  0  0  0  0  0  0  0
56419  s  0.799844  0.0247252  0.1116  2.06058  -0.204654  0.176519  2.04004  2.39859  -0.579597  -0.230029  2.3137  D+  9.81215  0.383776  -0.628421  9.6042  0  0  0  0  0  0  0  0  0  0  0  0  0  0  0  0  0  0
57513  s  3.26073  0.397982  0.476582  1.61231  0.431004  0.879253  1.27653  3.81376  -0.530077  -0.439587  3.74959  D+  12.5143  -0.407997  -0.718103  12.3463  0  0  0  0  0  0  0  0  0  0  0  0  0  0  0  0  0  0
57690  s  1.17647  0.0651938  0.170843  4.53547  0.616856  0.07525  4.49145  1.3615  -0.17776  0.0406412  1.34509  D0  5.84138  0.114302  0.226944  5.52987  0  0  0  0  0  0  0  0  0  0  0  0  0  0  0  0  0  0
58303  s  0.951885  0.0312617  0.108789  0.252825  -0.0752429  -0.0680952  0.206053  2.79558  0.0783515  -0.182712  2.7865  D+  7.58253  -0.435052  -0.266133  7.3307  0  0  0  0  0  0  0  0  0  0  0  0  0  0  0  0  0  0
59250  s  0.608571  0.0128676  0.0910049  0.511006  0.0302362  -0.00883395  0.49897  1.88772  -0.0222312  0.491868  1.81931  D+  11.3834  -0.864624  0.357152  11.1898  0  0  0  0  0  0  0  0  0  0  0  0  0  0  0  0  0  0
59804  s  0.632348  0.0182642  0.120968  4.18207  0.128297  -0.284018  4.1691  1.95051  0.629708  0.0331618  1.84275  D+  8.23069  0.135393  0.619637  7.9904  0  0  0  0  0  0  0  0  0  0  0  0  0  0  0  0  0  0
60192  s  0.529066  0.0108105  0.0976754  2.05091  -0.043163  -0.1567  2.04173  3.53613  0.251372  -0.184135  3.52079  Lambda_c+  12.3978  0.178735  -0.0980923  12.1834  0  0  0  0  0  0  0  0  0  0  0  0  0  0  0  0  0  0
61783  s  1.9541  0.168974  0.267198  3.80641  -0.936426  0.130825  3.68559  3.4193  -0.338371  -0.385437  3.37897  D0  9.35515  0.779407  -1.12549  9.0646  0  0  0  0  0  0  0  0  0  0  0  0  0  0  0  0  0  0
62039  s  0.769462  0.024824  0.119071  3.13895  -0.292332  -0.149965  3.11992  2.84285  0.0970796  -0.155579  2.83496  D0  7.73556  0.654142  0.433338  7.46629  0  0  0  0  0  0  0  0  0  0  0  0  0  0  0  0  0  0
62069  s  0.526612  0.0100206  0.0912933  1.10109  0.0147151  -0.0926216  1.09199  4.73871  0.273166  0.688479  4.67927  Lambda_c+  13.4293  0.0635166  0.256249  13.2306  0  0  0  0  0  0  0  0  0  0  0  0  0  0  0  0  0  0
63368  s  0.616088  0.0141433  0.0979403  1.5476  0.160838  -0.0311228  1.53527  1.25316  0.0540009  -0.144995  1.23907  Lambda_c+  12.5153  0.0681998  0.408901  12.2977  0  0  0  0  0  0  0  0  0  0  0  0  0  0  0  0  0  0
65369  s  0.848234  0.0435513  0.179508  7.0451  -0.0578537  -0.556552  7.02205  0.243637  0.0341495  0.0496942  0.211091  Lambda_c+  5.95177  -1.16294  -0.263067  5.36414  0  0  0  0  0  0  0  0  0  0  0  0  0  0  0  0  0  0
65390  s  0.9975  0.0370065  0.120555  1.52082  0.0926611  0.275302  1.48907  0.796481  -0.190247  0.0927539  0.76054  D0  10.9849  -0.0580049  0.796714  10.7959  0  0  0  0  0  0  0  0  0  0  0  0  0  0  0  0  0  0
65882  s  1.36478  0.0633879  0.139695  0.190018  -0.0047176  -0.0882315  0.130904  0.344556  -0.00336926  0.0558521  0.323146  D+  6.81507  0.0736251  0.0943396  6.55251  0  0  0  0  0  0  0  0  0  0  0  0  0  0  0  0  0  0
65984  s  1.47516  0.0888674  0.180276  1.80216  -0.587902  -0.432722  1.6443  2.71254  0.758663  0.192228  2.59503  D+  6.39129  0.736237  0.532731  6.04378  0  0  0  0  0  0  0  0  0  0  0  0  0  0  0  0  0  0
66108  s  0.411621  0.00609799  0.0870606  1.04254  -0.0175153  0.0193968  1.03684  6.33817  0.607367  0.141715  6.30652  D0  12.4754  0.420932  -0.331305  12.3236  0  0  0  0  0  0  0  0  0  0  0  0  0  0  0  0  0  0
67880  s  0.535366  0.0182877  0.161759  7.49676  0.181816  -0.310713  7.48736  3.95398  0.391042  0.547934  3.89482  Lambda_c+  8.22285  -0.0197289  0.548002  7.87951  0  0  0  0  0  0  0  0  0  0  0  0  0  0  0  0  0  0
69628  d  2.42181  0.321967  0.318922  5.76635  0.418076  0.0079506  5.7502  0.969337  0.323908  0.130506  0.898054  mu-  0.796445  0.218274  0.0757973  0.754832  1.79004  0.834138  0.220785  1.56478  mu+  1.29785  0.584621  0.0900662  1.15037  0  0  0  0  0  0  0  0  0
69939  s  1.38783  0.112015  0.242062  4.09709  0.704487  -0.251117  4.02687  1.69702  -0.0328035  -0.0808057  1.69148  D+  8.51002  -0.645286  0.471297  8.26356  0  0  0  0  0  0  0  0  0  0  0  0  0  0  0  0  0  0
71067  s  1.63751  0.0961938  0.176406  0.530146  0.164336  -0.275394  0.408708  0.211257  0.0247924  -0.163094  0.0790639  Lambda_c+  10.599  -0.864391  -0.230558  10.3107  0  0  0  0  0  0  0  0  0  0  0  0  0  0  0  0  0  0
71567  d  1.24249  0.0630805  0.0629621  2.80737  0.351812  0.371603  2.75832  0.438567  -0.0306326  -0.292948  0.307278  eta  1.07468  0.0266969  -0.800892  0.461136  0.252851  -0.0219176  -0.134273  0.185094  eta  1.07468  0.0266969  -0.800892  0.461136  0  0  0  0  0  0  0  0  0
71919  s  0.707692  0.019542  0.107272  0.937193  0.108229  -0.155408  0.911758  4.28173  -0.321927  0.02922  4.2682  Lambda_c+  10.0177  -0.586906  0.627472  9.71536  0  0  0  0  0  0  0  0  0  0  0  0  0  0  0  0  0  0
72239  s  0.77429  0.021511  0.102175  0.996817  -0.0316886  0.160841  0.977551  5.28051  -0.275956  0.541214  5.24439  D+  9.97075  0.0175822  0.0776056  9.79357  0  0  0  0  0  0  0  0  0  0  0  0  0  0  0  0  0  0
73496  s  1.3668  0.123379  0.270982  7.78015  0.31559  -0.899032  7.72086  0.496565  -0.0845299  -0.0254083  0.477098  D+  5.38014  0.107766  0.813249  4.97769  0  0  0  0  0  0  0  0  0  0  0  0  0  0  0  0  0  0
75872  s  1.2241  0.0717287  0.179051  4.71662  0.508864  0.420569  4.66899  1.70306  -0.449619  0.189211  1.62828  D+  4.82149  -0.580424  0.192649  4.40196  0  0  0  0  0  0  0  0  0  0  0  0  0  0  0  0  0  0
76483  s  1.41506  0.0722807  0.153169  1.08609  -0.142532  0.32011  1.02257  3.96355  -0.395504  0.0462824  3.94208  D+  10.7763  -0.114404  -0.429395  10.6035  0  0  0  0  0  0  0  0  0  0  0  0  0  0  0  0  0  0
76998  s  1.40726  0.139675  0.29713  8.29326  0.114808  1.00689  8.23043  2.32837  -0.967884  -0.123937  2.11139  D0  5.42269  -0.562732  -0.860219  4.98711  0  0  0  0  0  0  0  0  0  0  0  0  0  0  0  0  0  0
77681  s  1.29101  0.0586897  0.137678  0.715378  -0.0216647  -0.247587  0.662444  2.38017  0.221276  0.0792887  2.36617  D+  8.51737  -0.112671  0.397971  8.29933  0  0  0  0  0  0  0  0  0  0  0  0  0  0  0  0  0  0
77930  d  0.896675  0.0788624  0.0786762  10.3612  -0.542985  0.472903  10.3356  0.304959  0.0212949  -0.176391  0.224207  eta  0.802438  0.338201  -0.40021  0.263096  0.138568  -0.00085882  -0.0593716  0.0671667  eta  0.802438  0.338201  -0.40021  0.263096  0  0  0  0  0  0  0  0  0
78477  s  1.26966  0.0630283  0.150717  2.21941  0.320139  0.333211  2.1682  3.57276  -0.677964  0.0738825  3.50548  D+  12.1152  -0.719911  -0.266182  11.9455  0  0  0  0  0  0  0  0  0  0  0  0  0  0  0  0  0  0
78917  s  0.877008  0.0266554  0.104548  1.93093  0.328919  -0.181256  1.89111  1.00528  0.418812  -0.0330388  0.907157  D0  10.1356  0.428284  -0.935171  9.90937  0  0  0  0  0  0  0  0  0  0  0  0  0  0  0  0  0  0
79714  s  0.360921  0.00594619  0.108632  4.17473  0.14354  0.0739303  4.17027  2.1926  -0.168541  -0.0130184  2.18352  D0  8.02587  0.0765272  -0.432505  7.79385  0  0  0  0  0  0  0  0  0  0  0  0  0  0  0  0  0  0
80541  s  1.04002  0.0402298  0.123766  1.52125  -0.284444  0.107848  1.48677  3.16282  -0.232619  -0.41972  3.12442  D+  7.4125  -0.378005  0.180805  7.16059  0  0  0  0  0  0  0  0  0  0  0  0  0  0  0  0  0  0
80812  d  1.74638  0.269224  0.267088  9.81218  0.818583  -1.09751  9.71561  1.93481  0.0323926  1.00958  1.64682  eta  2.81435  -0.0583823  1.66738  2.19928  0.490192  -0.0398719  0.337404  0.337183  eta  2.81435  -0.0583823  1.66738  2.19928  0  0  0  0  0  0  0  0  0
82643  d  0.53029  0.0366656  0.0366243  11.7619  0.443991  0.0927297  11.7527  1.73935  0.0469087  0.244018  1.71826  eta  3.72645  -0.325106  0.360277  3.65387  1.30015  -0.16004  0.0919877  1.28263  eta  3.72645  -0.325106  0.360277  3.65387  0  0  0  0  0  0  0  0  0
84138  s  1.14191  0.0525536  0.143011  2.62673  0.128696  0.434183  2.58524  0.769656  0.136637  0.233087  0.712886  D+  10.3557  0.627942  -0.775552  10.1365  0  0  0  0  0  0  0  0  0  0  0  0  0  0  0  0  0  0
86018  s  1.43985  0.0870967  0.181153  3.16449  0.419309  -0.474194  3.09874  0.290311  -0.0122592  -0.184886  0.196935  D+  8.09358  -0.0276286  -0.321066  7.86808  0  0  0  0  0  0  0  0  0  0  0  0  0  0  0  0  0  0
89501  s  0.948986  0.0360483  0.125975  2.53592  0.202832  0.30455  2.50715  4.93991  0.273965  0.262374  4.92419  D+  8.58374  -0.025986  -0.111446  8.37688  0  0  0  0  0  0  0  0  0  0  0  0  0  0  0  0  0  0
89600  s  0.801796  0.051544  0.231583  8.37999  0.0985515  -0.508419  8.36331  0.59426  -0.394353  0.298574  0.311962  Lambda_c+  5.78238  -0.249956  0.13048  5.30363  0  0  0  0  0  0  0  0  0  0  0  0  0  0  0  0  0  0
89918  s  1.4892  0.0862976  0.173406  2.15436  0.385437  0.371891  2.08404  3.68111  0.357685  -0.453811  3.63395  D0  8.23273  -0.379016  -0.244724  8.00604  0  0  0  0  0  0  0  0  0  0  0  0  0  0  0  0  0  0
90071  s  2.49942  0.216905  0.293142  0.501026  0.245279  0.295861  0.303591  0.38004  -0.114255  -0.106841  0.329844  D_s+  11.6204  -0.56794  0.442596  11.4298  0  0  0  0  0  0  0  0  0  0  0  0  0  0  0  0  0  0
90296  s  0.757922  0.0258259  0.126882  1.80696  0.124575  -0.239969  1.78349  1.53399  -0.167055  0.192355  1.50899  D0  8.42384  0.536727  0.814691  8.15669  0  0  0  0  0  0  0  0  0  0  0  0  0  0  0  0  0  0
90814  s  0.78069  0.0208976  0.0979831  0.307065  0.0192979  0.0102377  0.287485  5.00517  -0.357628  0.424043  4.97321  D+  11.5223  0.0843865  0.460504  11.3599  0  0  0  0  0  0  0  0  0  0  0  0  0  0  0  0  0  0
91330  s  1.11428  0.0740308  0.207727  6.91146  0.24152  -0.689389  6.87193  1.37849  0.0309069  -0.376016  1.32163  D+  6.16039  0.0806719  0.187296  5.86629  0  0  0  0  0  0  0  0  0  0  0  0  0  0  0  0  0  0
91741  s  1.09304  0.0499538  0.143814  3.1037  -0.358207  -0.308593  3.06565  4.11905  0.284104  0.373898  4.09083  D+  8.788  -0.405667  0.662282  8.55162  0  0  0  0  0  0  0  0  0  0  0  0  0  0  0  0  0  0
92363  s  1.4923  0.0797474  0.159941  0.967826  -0.169813  0.302797  0.897218  5.53012  0.537031  -0.251215  5.49723  D+  9.94001  0.412589  -0.452834  9.74336  0  0  0  0  0  0  0  0  0  0  0  0  0  0  0  0  0  0
92619  s  0.822861  0.0466368  0.201328  8.05443  0.519903  0.253421  8.03294  0.486481  0.16239  0.232337  0.380984  D0  6.20737  -0.422992  -0.556458  5.87922  0  0  0  0  0  0  0  0  0  0  0  0  0  0  0  0  0  0
93654  s  1.30556  0.0623741  0.144442  1.28658  0.293757  -0.197196  1.23246  2.0338  -0.286192  -0.459352  1.95762  D+  8.47517  -0.0810702  0.289398  8.26091  0  0  0  0  0  0  0  0  0  0  0  0  0  0  0  0  0  0
94721  s  1.51301  0.0999696  0.19764  3.64625  -0.617304  -0.362948  3.57368  0.169504  0.0353582  -0.118089  0.0487078  D+  7.71463  0.193003  -0.0904125  7.48161  0  0  0  0  0  0  0  0  0  0  0  0  0  0  0  0  0  0
94847  s  1.33843  0.0759479  0.170952  3.2795  0.506759  0.31904  3.22264  0.316764  -0.0792598  -0.0384614  0.285332  D0  8.75715  -0.458184  -1.17985  8.46215  0  0  0  0  0  0  0  0  0  0  0  0  0  0  0  0  0  0
96718  d  1.86537  0.185282  0.184268  5.84109  -0.00230688  -1.12393  5.73097  2.79059  0.121266  0.224172  2.77691  eta  6.20916  0.22533  0.848625  6.12231  0.661481  0.0216997  0.0454126  0.651046  eta  6.20916  0.22533  0.848625  6.12231  0  0  0  0  0  0  0  0  0
97158  s  1.05351  0.0452313  0.13674  2.77266  -0.356783  -0.237509  2.7373  2.62929  -0.433605  -0.150383  2.58676  D+  10.5161  0.487901  -0.46931  10.3264  0  0  0  0  0  0  0  0  0  0  0  0  0  0  0  0  0  0
97282  s  0.448656  0.00792633  0.0965013  2.31588  0.137821  0.0289991  2.30918  3.53466  0.458906  -0.51223  3.46549  D+  9.9174  0.561318  -0.595837  9.70512  0  0  0  0  0  0  0  0  0  0  0  0  0  0  0  0  0  0
97803  s  1.41913  0.0829394  0.175168  2.90917  -0.596788  -0.0178413  2.84528  5.69095  0.923964  -0.567131  5.58573  D+  11.3174  0.987429  -0.255253  11.1152  0  0  0  0  0  0  0  0  0  0  0  0  0  0  0  0  0  0
98347  s  0.419226  0.00632403  0.0872684  1.03932  0.0324488  0.00235364  1.03343  4.96903  0.479066  0.511063  4.91828  D0  12.101  0.560775  0.0474907  11.9431  0  0  0  0  0  0  0  0  0  0  0  0  0  0  0  0  0  0
98361  s  0.996497  0.0374035  0.122017  1.70137  0.230593  0.206049  1.66969  2.10506  0.554269  0.254157  2.01204  Lambda_c+  12.0349  -0.105742  -0.313022  11.8111  0  0  0  0  0  0  0  0  0  0  0  0  0  0  0  0  0  0
98570  s  1.60538  0.0940369  0.175643  1.24408  0.424478  0.0718723  1.16242  3.73401  -0.0711051  0.345468  3.71581  Lambda_c+  13.626  0.770997  0.268162  13.408  0  0  0  0  0  0  0  0  0  0  0  0  0  0  0  0  0  0
