19  s  2.42908  0.0908025  0.125294  5.1827  0.543742  0.676211  5.10845  8.19561  0.754734  -0.265654  8.15578  D+  30.0288  0.305012  -1.08905  29.9492  0  0  0  0  0  0  0  0  0  0  0  0  0  0  0  0  0  0
447  s  2.4281  0.0794267  0.109636  0.255076  -0.135023  -0.0542908  0.180889  1.41923  -0.182205  0.0277196  1.40324  D0  31.9499  -0.123875  0.224097  31.8944  0  0  0  0  0  0  0  0  0  0  0  0  0  0  0  0  0  0
811  s  1.90805  0.0519769  0.0840481  3.69035  -0.528023  -0.272712  3.64065  13.7643  -0.0432702  0.456144  13.7563  D0  22.2936  0.172389  0.606448  22.2065  0  0  0  0  0  0  0  0  0  0  0  0  0  0  0  0  0  0
1173  s  2.01685  0.11788  0.18283  19.8022  -1.52838  0.228118  19.7416  2.7995  0.219789  -0.663625  2.70875  D+  9.13611  0.381133  -0.95526  8.88343  0  0  0  0  0  0  0  0  0  0  0  0  0  0  0  0  0  0
1635  s  2.35338  0.0814325  0.114405  3.5675  -0.406467  -0.562198  3.4978  8.2178  -0.131893  -0.401697  8.20623  D+  30.8132  1.00059  0.52936  30.7356  0  0  0  0  0  0  0  0  0  0  0  0  0  0  0  0  0  0
2885  cbar  2.02398  0.234137  0.233491  26.1046  -1.02632  1.44324  26.0443  0.214517  0.00921946  0.185731  -0.0165029  Lambda_c+  5.00239  0.342377  0.159637  4.4332  0  0  0  0  0  0  0  0  0  0  0  0  0  0  0  0  0  0
3077  s  1.68945  0.0679756  0.121463  17.4348  0.594088  0.943127  17.3988  1.21738  -0.277974  0.0158766  1.18039  D+  19.4149  -0.680215  -1.19009  19.276  0  0  0  0  0  0  0  0  0  0  0  0  0  0  0  0  0  0
3224  s  1.03438  0.0156528  0.0485604  3.38503  -0.278616  0.0543007  3.37145  2.22338  0.106156  0.457429  2.17065  D0  19.0121  0.7396  0.155538  18.9053  0  0  0  0  0  0  0  0  0  0  0  0  0  0  0  0  0  0
3602  s  1.72084  0.042356  0.0745011  2.5539  0.0758759  -0.415176  2.51657  8.07292  -0.174811  -0.513956  8.05396  D0  22.4115  -0.71734  0.181449  22.3216  0  0  0  0  0  0  0  0  0  0  0  0  0  0  0  0  0  0
4063  s  0.496506  0.00385767  0.0390652  3.21952  -0.111131  0.00973203  3.21585  1.09196  0.0293237  -0.0801227  1.08348  D+  29.1918  0.851818  0.646903  29.1122  0  0  0  0  0  0  0  0  0  0  0  0  0  0  0  0  0  0
4254  s  2.07194  0.0914749  0.139268  14.802  -0.75714  -1.00645  14.7479  1.742  -0.0613974  -0.291216  1.71314  D+  18.1812  0.925021  -0.541831  18.053  0  0  0  0  0  0  0  0  0  0  0  0  0  0  0  0  0  0
4530  s  2.13175  0.11431  0.170676  18.6256  -1.00002  1.05681  18.5684  8.08004  -0.00919579  -1.17696  7.99315  D+  15.4902  -0.784779  -1.28929  15.3027  0  0  0  0  0  0  0  0  0  0  0  0  0  0  0  0  0  0
4532  s  1.05006  0.0160362  0.0487503  3.1699  -0.0439727  0.274574  3.15591  4.69143  0.0988899  -0.203779  4.68477  D+  16.3594  -0.363702  -0.408379  16.243  0  0  0  0  0  0  0  0  0  0  0  0  0  0  0  0  0  0
4743  s  2.39583  0.0807475  0.112292  1.92935  0.454989  -0.235211  1.85712  5.66797  -0.028575  0.241089  5.66178  D0  25.1007  0.620233  -0.245796  25.0224  0  0  0  0  0  0  0  0  0  0  0  0  0  0  0  0  0  0
4854  s  2.87861  0.114824  0.145804  1.35369  -0.479574  0.173575  1.24948  2.22416  0.347463  -0.0939178  2.1923  D_s+  27.3995  1.00328  0.217882  27.3094  0  0  0  0  0  0  0  0  0  0  0  0  0  0  0  0  0  0
4875  s  2.37408  0.0884522  0.123633  2.49619  0.237877  -0.659943  2.39326  3.60944  0.738187  0.247012  3.52292  D0  10.6964  0.68374  -0.116707  10.5098  0  0  0  0  0  0  0  0  0  0  0  0  0  0  0  0  0  0
5113  s  2.02857  0.0581823  0.0899326  2.12025  -0.335093  -0.305976  2.06843  1.12571  0.244623  -0.0422993  1.0929  D_s+  30.0186  1.49931  1.00068  29.8997  0  0  0  0  0  0  0  0  0  0  0  0  0  0  0  0  0  0
5138  s  2.37979  0.140751  0.196343  11.6643  -0.622706  -1.19171  11.586  13.2534  0.898946  0.841223  13.1957  D+  22.4245  1.06642  1.72311  22.2544  0  0  0  0  0  0  0  0  0  0  0  0  0  0  0  0  0  0
5406  s  2.57531  0.0984824  0.13174  3.92325  -0.505061  0.61764  3.83982  4.47598  0.0770992  -0.161821  4.47114  Lambda_c+  35.3699  1.2234  -1.00824  35.2603  0  0  0  0  0  0  0  0  0  0  0  0  0  0  0  0  0  0
5519  s  2.03509  0.0734208  0.11321  14.0593  -0.526857  1.25  13.9933  1.0763  0.00940624  0.389918  0.997566  D+  12.5019  0.372876  -0.041821  12.3556  0  0  0  0  0  0  0  0  0  0  0  0  0  0  0  0  0  0
5861  s  2.03325  0.0688108  0.106175  7.7947  -0.638139  0.62492  7.74264  3.01513  0.280104  -0.309798  2.98419  D0  19.2859  0.568052  0.395528  19.1831  0  0  0  0  0  0  0  0  0  0  0  0  0  0  0  0  0  0
6024  s  3.65093  0.213642  0.249078  6.37335  1.42948  0.0433865  6.20993  6.47462  -0.813231  0.325312  6.41423  D+  26.1793  -1.23985  0.0310675  26.083  0  0  0  0  0  0  0  0  0  0  0  0  0  0  0  0  0  0
6919  s  3.13846  0.135266  0.1659  1.24942  -0.323338  0.426221  1.12414  8.66272  0.333334  -0.671571  8.62957  D0  30.9004  -0.245434  -0.339063  30.8412  0  0  0  0  0  0  0  0  0  0  0  0  0  0  0  0  0  0
7234  s  0.763898  0.0173672  0.0843137  21.9054  0.383352  -0.411158  21.8979  1.00381  0.34881  0.122958  0.92719  D+  13.3949  -0.1105  0.181803  13.262  0  0  0  0  0  0  0  0  0  0  0  0  0  0  0  0  0  0
7634  s  2.80978  0.116167  0.149069  1.49719  0.304714  -0.452624  1.39022  3.21725  0.173292  -0.345474  3.1922  D_s+  19.0284  -1.13448  -0.366196  18.8887  0  0  0  0  0  0  0  0  0  0  0  0  0  0  0  0  0  0
7769  s  1.94787  0.060606  0.0964771  6.4494  0.708688  -0.317465  6.4016  2.0185  -0.0758314  -0.232392  2.00086  D+  16.3955  -0.704112  0.916464  16.2475  0  0  0  0  0  0  0  0  0  0  0  0  0  0  0  0  0  0
8521  s  2.97593  0.139795  0.175023  6.05143  1.13675  0.17919  5.94006  2.24636  0.0888913  0.288862  2.22343  D+  20.0661  -0.684335  -0.57589  19.9588  0  0  0  0  0  0  0  0  0  0  0  0  0  0  0  0  0  0
8582  s  1.05443  0.0150834  0.0455998  0.530506  -0.0365378  -0.0476083  0.516402  3.22003  0.223431  0.216874  3.2032  D0  27.4415  0.459748  1.59197  27.3279  0  0  0  0  0  0  0  0  0  0  0  0  0  0  0  0  0  0
9355  s  0.744004  0.00820853  0.0415699  3.87497  -0.191642  0.0838125  3.86787  5.96839  0.187706  0.0124709  5.96449  D_s+  26.3111  -0.0781779  -0.477017  26.2329  0  0  0  0  0  0  0  0  0  0  0  0  0  0  0  0  0  0
10132  s  1.17888  0.0195018  0.0510633  1.83521  -0.0105089  0.230208  1.81761  5.82982  -0.582013  -0.538533  5.77468  D0  27.0318  -1.10292  -1.14122  26.9207  0  0  0  0  0  0  0  0  0  0  0  0  0  0  0  0  0  0
10411  s  2.37754  0.0886157  0.123759  0.896373  -0.403411  -0.0297995  0.792901  0.590516  -0.0561568  -0.0529114  0.57584  D0  20.0484  0.97732  0.0353055  19.9375  0  0  0  0  0  0  0  0  0  0  0  0  0  0  0  0  0  0
11200  s  0.600859  0.00682133  0.0493288  11.5489  0.186585  -0.247901  11.5443  3.47053  -0.0158683  -0.211786  3.46241  D0  21.1153  -0.380424  0.701545  21.0177  0  0  0  0  0  0  0  0  0  0  0  0  0  0  0  0  0  0
12200  s  1.19121  0.031313  0.0809337  15.6618  -0.632348  0.388952  15.6439  1.18352  -0.0500973  -0.22986  1.15508  D0  16.1679  0.482036  0.376515  16.0483  0  0  0  0  0  0  0  0  0  0  0  0  0  0  0  0  0  0
12202  s  1.62787  0.0701218  0.129553  12.2766  0.40396  -0.889618  12.2372  6.64869  -0.337014  0.795748  6.59144  D+  18.5952  -0.682615  1.43599  18.4326  0  0  0  0  0  0  0  0  0  0  0  0  0  0  0  0  0  0
12301  s  2.01823  0.104715  0.162357  19.082  -1.24778  0.622069  19.0307  1.19705  0.283242  -0.356873  1.1019  D0  17.5239  0.203646  -0.942574  17.3977  0  0  0  0  0  0  0  0  0  0  0  0  0  0  0  0  0  0
12346  s  2.68543  0.104258  0.136618  0.81131  0.374727  0.0628332  0.709007  2.51424  -0.385519  -0.480777  2.43525  D+  20.3077  -1.5264  -0.737114  20.1503  0  0  0  0  0  0  0  0  0  0  0  0  0  0  0  0  0  0
12762  s  1.93545  0.0685692  0.109666  10.6984  -0.975222  -0.212628  10.6512  2.57841  0.528956  0.101966  2.5193  D+  25.0742  0.500542  0.26389  24.9979  0  0  0  0  0  0  0  0  0  0  0  0  0  0  0  0  0  0
12800  s  1.14927  0.0270723  0.0731663  13.8117  0.379795  -0.553551  13.7949  1.45803  -0.00682205  -0.214147  1.43833  D0  20.8595  0.791627  0.0573358  20.7608  0  0  0  0  0  0  0  0  0  0  0  0  0  0  0  0  0  0
12960  s  1.27196  0.0273176  0.065287  8.24997  -0.461648  -0.335987  8.22951  17.9033  -0.377294  0.573152  17.8898  D+  21.5707  -0.081642  0.479977  21.484  0  0  0  0  0  0  0  0  0  0  0  0  0  0  0  0  0  0
13153  s  2.57018  0.105759  0.141605  6.52548  -0.470785  -0.919186  6.44238  1.66736  0.404937  0.0981669  1.611  D+  26.505  0.462319  0.479387  26.4305  0  0  0  0  0  0  0  0  0  0  0  0  0  0  0  0  0  0
13280  s  1.70689  0.0465322  0.0824223  6.44497  0.645641  0.210019  6.40824  4.45806  0.143911  0.367909  4.43926  D+  26.4936  -0.539707  1.294  26.3903  0  0  0  0  0  0  0  0  0  0  0  0  0  0  0  0  0  0
13663  s  2.65419  0.122826  0.161821  9.24657  1.25244  -0.226264  9.15796  6.18871  -0.180918  -0.381391  6.17339  Lambda_c+  24.6901  -2.6081  -0.801003  24.4321  0  0  0  0  0  0  0  0  0  0  0  0  0  0  0  0  0  0
13804  s  2.96189  0.130333  0.163509  3.94134  -0.887578  0.241865  3.83102  16.077  0.874702  -0.214337  16.0514  Lambda_c+  34.0981  1.3509  -0.113263  33.9944  0  0  0  0  0  0  0  0  0  0  0  0  0  0  0  0  0  0
13854  s  0.842117  0.0251875  0.10507  24.807  0.289264  -0.594921  24.7979  0.444107  -0.148625  0.0520028  0.401589  D+  11.4376  0.559569  0.465463  11.2602  0  0  0  0  0  0  0  0  0  0  0  0  0  0  0  0  0  0
14621  s  0.986025  0.017325  0.0574073  10.0015  0.423518  -0.157424  9.99076  1.78493  0.0777507  0.146856  1.77404  D0  23.8353  -0.67714  0.689026  23.7426  0  0  0  0  0  0  0  0  0  0  0  0  0  0  0  0  0  0
15194  s  1.84405  0.0480312  0.0797664  2.08277  0.372695  -0.163057  2.03992  9.6824  -0.377744  -0.198587  9.67242  D+  26.396  -0.443864  0.534921  26.3205  0  0  0  0  0  0  0  0  0  0  0  0  0  0  0  0  0  0
15371  s  1.02718  0.0269612  0.0844286  18.9564  0.543125  0.448762  18.943  6.21777  0.455493  0.0574607  6.1999  D+  17.4581  -0.271644  -0.972872  17.3283  0  0  0  0  0  0  0  0  0  0  0  0  0  0  0  0  0  0
15409  s  2.24382  0.0820354  0.118582  7.83941  0.258622  0.997727  7.77064  14.8624  0.332872  -1.21837  14.8083  D+  20.8957  -0.123782  -1.18978  20.7775  0  0  0  0  0  0  0  0  0  0  0  0  0  0  0  0  0  0
15866  s  0.928947  0.0121182  0.0437085  1.86317  0.00436768  -0.172061  1.85219  6.53915  0.273651  -0.395715  6.52058  D+  20.845  0.154736  0.302485  20.7582  0  0  0  0  0  0  0  0  0  0  0  0  0  0  0  0  0  0
15891  s  0.704789  0.0147024  0.0812847  21.8066  0.207628  0.473167  21.8003  7.61497  0.169459  -0.707566  7.57939  D_s+  15.0212  -0.560767  -0.536508  14.8714  0  0  0  0  0  0  0  0  0  0  0  0  0  0  0  0  0  0
16257  s  2.55884  0.118954  0.159607  9.89054  -1.07598  0.699624  9.80635  6.08284  0.100276  0.229337  6.07677  D0  18.8822  1.03306  -0.139917  18.761  0  0  0  0  0  0  0  0  0  0  0  0  0  0  0  0  0  0
16314  s  1.90586  0.0571998  0.0925692  5.959  -0.309993  -0.658965  5.91339  10.316  -0.309157  0.617348  10.2923  Lambda_c+  27.9201  0.147739  0.503575  27.8214  0  0  0  0  0  0  0  0  0  0  0  0  0  0  0  0  0  0
16553  s  0.708346  0.00758209  0.0415785  5.29454  -0.124655  0.264281  5.28541  0.852128  0.258405  -0.0375635  0.804222  D+  20.8799  0.83752  0.590627  20.7707  0  0  0  0  0  0  0  0  0  0  0  0  0  0  0  0  0  0
17127  s  0.551678  0.00783269  0.0657322  19.1044  0.367638  0.071213  19.1005  2.45857  -0.123745  0.360387  2.42656  D+  17.6162  -0.582628  -0.158138  17.5063  0  0  0  0  0  0  0  0  0  0  0  0  0  0  0  0  0  0
17535  s  1.09617  0.0172803  0.0496275  2.75553  -0.266979  -0.03561  2.7403  5.03957  -0.178482  -0.384704  5.02058  D+  29.2958  -1.11118  -0.269892  29.2137  0  0  0  0  0  0  0  0  0  0  0  0  0  0  0  0  0  0
17691  s  1.71193  0.0582885  0.102968  10.3451  -0.0792181  -1.08353  10.2874  2.35755  -0.292929  -0.114234  2.3341  D+  5.57618  0.032285  0.652426  5.21264  0  0  0  0  0  0  0  0  0  0  0  0  0  0  0  0  0  0
18140  s  1.9122  0.0547026  0.0883062  4.1901  0.545333  -0.274505  4.14404  8.79809  0.503795  0.529709  8.76703  D+  21.8319  0.255608  0.463872  21.7452  0  0  0  0  0  0  0  0  0  0  0  0  0  0  0  0  0  0
18144  s  1.07522  0.0173113  0.050992  4.2224  0.192341  -0.274642  4.20774  11.4053  -0.0971104  -0.429195  11.3964  D_s+  25.4142  -0.572509  0.473904  25.3269  0  0  0  0  0  0  0  0  0  0  0  0  0  0  0  0  0  0
18507  s  1.42886  0.0328974  0.0691249  6.73863  -0.180633  -0.550469  6.71285  1.6335  0.0338502  -0.244385  1.6113  D0  24.4598  0.0156559  0.555176  24.3823  0  0  0  0  0  0  0  0  0  0  0  0  0  0  0  0  0  0
18618  cbar  1.54372  0.0579572  0.0579174  17.8994  0.465368  0.920781  17.8693  0.551651  0.097977  0.295621  0.442904  Lambda_c+  4.25535  0.753177  -0.061185  3.50843  0  0  0  0  0  0  0  0  0  0  0  0  0  0  0  0  0  0
18678  s  1.04849  0.0179827  0.0547762  7.04442  -0.131377  0.406936  7.03064  1.63091  0.23007  0.140123  1.60504  D+  19.53  0.509612  0.285266  19.4315  0  0  0  0  0  0  0  0  0  0  0  0  0  0  0  0  0  0
19208  s  0.639949  0.00912686  0.0592637  15.899  0.0847723  0.386826  15.8937  9.40945  0.13862  0.575259  9.39023  D+  21.1899  0.482178  -0.00141089  21.1017  0  0  0  0  0  0  0  0  0  0  0  0  0  0  0  0  0  0
19390  s  0.777858  0.0160145  0.0755518  19.6768  -0.354409  -0.409568  19.669  2.95922  -0.117831  0.364924  2.93236  D+  13.3796  0.0160547  0.795007  13.2245  0  0  0  0  0  0  0  0  0  0  0  0  0  0  0  0  0  0
19641  s  0.752195  0.00823633  0.0409856  3.20336  -0.00492347  -0.187575  3.19612  3.2845  0.330482  -0.180976  3.2611  D+  24.8356  0.0109561  0.515867  24.7598  0  0  0  0  0  0  0  0  0  0  0  0  0  0  0  0  0  0
19679  s  1.09009  0.0177353  0.0513058  4.10595  -0.173964  0.28645  4.09089  11.7854  -0.0886785  0.187896  11.7831  D+  23.7424  -0.0026966  -0.145989  23.6683  0  0  0  0  0  0  0  0  0  0  0  0  0  0  0  0  0  0
19889  s  2.65795  0.138305  0.182056  12.5902  0.754478  1.28431  12.5013  5.65711  -0.0564982  -0.0790422  5.65529  D+  21.8675  -0.594963  -1.5073  21.727  0  0  0  0  0  0  0  0  0  0  0  0  0  0  0  0  0  0
20191  s  2.76126  0.136672  0.176718  16.0303  -1.90051  0.583349  15.9062  3.83235  -0.285759  -0.0492272  3.8199  D+  12.0576  -0.326454  -0.0838781  11.907  0  0  0  0  0  0  0  0  0  0  0  0  0  0  0  0  0  0
21208  s  0.742239  0.0136508  0.0693903  18.3041  -0.377705  -0.323355  18.2971  10.7317  0.235919  0.0563989  10.7285  Lambda_c+  21.2676  -0.173025  0.584714  21.1355  0  0  0  0  0  0  0  0  0  0  0  0  0  0  0  0  0  0
21402  s  3.10558  0.142797  0.175814  3.81852  -0.0438547  -0.947818  3.69725  10.7043  0.159615  -0.00513842  10.7025  D+  31.788  0.872213  0.33771  31.7192  0  0  0  0  0  0  0  0  0  0  0  0  0  0  0  0  0  0
21679  s  1.55256  0.0766476  0.148059  19.2492  -0.220591  1.11122  19.2156  3.12823  0.0861249  0.120295  3.12294  D+  9.75786  0.276678  -0.483196  9.56088  0  0  0  0  0  0  0  0  0  0  0  0  0  0  0  0  0  0
21750  s  1.63705  0.050722  0.0932508  11.6548  -0.718261  -0.509539  11.621  12.3403  -0.0151041  0.900481  12.307  D0  18.4549  0.655416  1.39048  18.296  0  0  0  0  0  0  0  0  0  0  0  0  0  0  0  0  0  0
21843  s  0.612396  0.0054506  0.0381491  2.09198  0.0922411  -0.0490456  2.08669  1.70727  0.249277  0.371728  1.64416  D+  19.3804  -0.390162  0.381058  19.2823  0  0  0  0  0  0  0  0  0  0  0  0  0  0  0  0  0  0
22001  s  2.23165  0.0933031  0.135307  11.3522  -0.928059  0.738342  11.2896  8.28646  0.605866  -0.4779  8.24977  D0  16.2945  1.00987  -0.97738  16.1263  0  0  0  0  0  0  0  0  0  0  0  0  0  0  0  0  0  0
22178  s  1.96303  0.109864  0.173786  21.1194  0.61808  -1.28633  21.0708  1.42715  -0.441038  0.123806  1.3475  D+  10.3357  -0.651995  0.870546  10.1069  0  0  0  0  0  0  0  0  0  0  0  0  0  0  0  0  0  0
22438  s  0.758279  0.00865189  0.0425035  4.39567  0.163743  0.163368  4.38831  4.57074  0.353971  0.209931  4.55094  D+  24.542  0.175605  -0.0504318  24.47  0  0  0  0  0  0  0  0  0  0  0  0  0  0  0  0  0  0
22646  s  1.41166  0.0324502  0.0690621  3.84591  0.228684  -0.446242  3.81162  2.47773  0.417342  0.0313911  2.43984  D0  28.5936  0.215144  0.44957  28.5283  0  0  0  0  0  0  0  0  0  0  0  0  0  0  0  0  0  0
23088  s  1.05931  0.0693864  0.20834  28.9923  -0.859519  0.437469  28.9761  1.82887  -0.0236842  -0.552547  1.74004  D0  5.78543  0.618668  -0.48637  5.4198  0  0  0  0  0  0  0  0  0  0  0  0  0  0  0  0  0  0
23239  s  3.64437  0.196613  0.229389  3.81301  -0.0874109  -1.10746  3.64606  1.70114  0.425735  0.00625044  1.6436  D+  16.631  -0.20066  0.599924  16.5135  0  0  0  0  0  0  0  0  0  0  0  0  0  0  0  0  0  0
24225  s  1.52628  0.04639  0.0911462  13.0508  -0.278893  0.823116  13.0214  0.994093  0.0723993  -0.246356  0.954528  Lambda_c+  24.6776  0.358121  -0.543001  24.5629  0  0  0  0  0  0  0  0  0  0  0  0  0  0  0  0  0  0
24232  s  0.942177  0.0289836  0.102411  23.4895  -0.72003  -0.0248804  23.4782  7.95099  -0.238961  0.330364  7.93982  Lambda_c+  13.4099  0.0987371  0.225397  13.2112  0  0  0  0  0  0  0  0  0  0  0  0  0  0  0  0  0  0
24614  s  3.97004  0.242293  0.276093  4.73048  1.15194  -0.845515  4.50826  1.11809  -0.0794747  -0.107169  1.10506  D0  28.27  -1.69925  -0.902487  28.1427  0  0  0  0  0  0  0  0  0  0  0  0  0  0  0  0  0  0
25122  s  1.63742  0.0458554  0.0842914  8.65275  -0.0840016  0.752197  8.61894  12.5749  0.27005  -0.728925  12.5504  D0  26.5402  0.317473  -0.70861  26.4632  0  0  0  0  0  0  0  0  0  0  0  0  0  0  0  0  0  0
25559  s  1.07193  0.0280095  0.0828288  17.9496  0.615185  -0.365073  17.9351  3.05206  0.20259  0.134362  3.04052  D+  13.7621  -0.116372  0.0482685  13.634  0  0  0  0  0  0  0  0  0  0  0  0  0  0  0  0  0  0
25926  s  0.986734  0.0141999  0.0470066  3.2718  0.256928  0.0600533  3.25943  13.1908  -0.1984  0.489564  13.1798  D+  31.3646  -1.12002  1.12732  31.2685  0  0  0  0  0  0  0  0  0  0  0  0  0  0  0  0  0  0
26018  s  2.19445  0.0784967  0.115066  12.2  0.597855  -1.1711  12.1285  0.815561  0.373884  0.245848  0.673606  D0  10.695  0.710027  0.643007  10.4876  0  0  0  0  0  0  0  0  0  0  0  0  0  0  0  0  0  0
26520  s  1.17806  0.0218489  0.0572561  5.96143  0.166061  -0.412847  5.94386  2.87395  -0.166732  0.275559  2.85389  D+  18.642  -0.745953  0.724801  18.5188  0  0  0  0  0  0  0  0  0  0  0  0  0  0  0  0  0  0
26793  s  0.997208  0.0136201  0.0444299  0.903246  -0.0442761  0.0976288  0.890616  4.50386  -0.0185091  -0.338766  4.48982  D+  27.7913  0.169673  0.103707  27.7277  0  0  0  0  0  0  0  0  0  0  0  0  0  0  0  0  0  0
26820  s  3.72198  0.227982  0.264299  7.42983  -0.460304  1.52778  7.2557  5.88019  0.314067  -0.0913747  5.87014  D0  19.028  1.23345  -0.997401  18.8698  0  0  0  0  0  0  0  0  0  0  0  0  0  0  0  0  0  0
27107  s  0.810796  0.00900441  0.0398188  0.905369  0.0472323  -0.041698  0.896972  15.5167  -0.488984  0.704635  15.4926  D+  32.9987  0.127809  0.338569  32.9437  0  0  0  0  0  0  0  0  0  0  0  0  0  0  0  0  0  0
27946  s  4.53465  0.303661  0.335686  3.72467  -0.391835  -1.30132  3.46627  3.99149  -0.0482418  0.212142  3.98416  D0  21.1481  -0.134024  1.96031  20.9739  0  0  0  0  0  0  0  0  0  0  0  0  0  0  0  0  0  0
28193  s  1.36162  0.0264126  0.0584484  2.40467  0.0648501  -0.311038  2.38124  6.64168  -0.128303  -0.511909  6.61984  D+  21.7105  -0.56576  0.549298  21.6155  0  0  0  0  0  0  0  0  0  0  0  0  0  0  0  0  0  0
28357  s  1.3804  0.0735885  0.160341  26.0115  1.08067  0.269628  25.9874  0.383898  -0.110579  0.0570789  0.34746  D+  9.88321  -0.814351  -0.766469  9.6401  0  0  0  0  0  0  0  0  0  0  0  0  0  0  0  0  0  0
28833  s  0.606516  0.0092211  0.065614  18.5517  0.276364  0.298432  18.547  1.49934  -0.0876016  0.327649  1.45665  D+  16.9818  0.132647  -0.641925  16.8658  0  0  0  0  0  0  0  0  0  0  0  0  0  0  0  0  0  0
29278  s  0.872719  0.0112105  0.044322  3.60588  0.231199  0.0727035  3.59618  10.6887  0.0606942  -0.455914  10.6783  D0  22.4452  -0.0762037  -0.133226  22.3671  0  0  0  0  0  0  0  0  0  0  0  0  0  0  0  0  0  0
29629  s  2.39722  0.0959028  0.133301  9.50348  -1.14954  0.438419  9.42292  7.14167  0.613832  -0.246328  7.11019  D+  21.3068  0.882227  -0.256135  21.2047  0  0  0  0  0  0  0  0  0  0  0  0  0  0  0  0  0  0
29824  s  2.02648  0.0559326  0.0865207  0.68528  -0.0977612  -0.217911  0.633563  2.92848  0.331436  0.29071  2.89318  Lambda_c+  27.8728  0.768528  1.40343  27.7327  0  0  0  0  0  0  0  0  0  0  0  0  0  0  0  0  0  0
30302  s  2.291  0.083094  0.118598  4.94148  0.705815  0.546875  4.85899  2.91897  0.285021  0.0449657  2.90275  D+  26.0752  -0.308585  -0.74223  25.9957  0  0  0  0  0  0  0  0  0  0  0  0  0  0  0  0  0  0
30417  s  0.679756  0.00938646  0.0550868  13.5779  0.235451  0.307839  13.5719  2.88211  -0.536292  0.116302  2.82741  Lambda_c+  21.6657  -0.240225  0.87732  21.5255  0  0  0  0  0  0  0  0  0  0  0  0  0  0  0  0  0  0
30561  s  1.91192  0.0558277  0.0901313  4.9183  -0.322315  -0.57949  4.87224  3.79675  0.138844  0.491895  3.76071  D0  23.2133  0.509389  1.08672  23.1072  0  0  0  0  0  0  0  0  0  0  0  0  0  0  0  0  0  0
30734  s  1.72127  0.046859  0.0823993  6.11724  0.428847  0.510393  6.07989  0.472004  -0.0738765  0.0314562  0.452965  D0  20.6513  0.136858  -1.22355  20.53  0  0  0  0  0  0  0  0  0  0  0  0  0  0  0  0  0  0
31801  s  0.642268  0.0079466  0.0512859  12.1482  -0.271196  0.211052  12.1428  4.2577  -0.403732  -0.502741  4.20727  D+  14.1939  0.0114197  0.301427  14.067  0  0  0  0  0  0  0  0  0  0  0  0  0  0  0  0  0  0
31866  s  0.932152  0.0132992  0.0477292  8.38738  0.14041  -0.484408  8.37153  3.17214  -0.164207  0.325333  3.14937  D+  22.1495  -0.579555  0.0313448  22.0629  0  0  0  0  0  0  0  0  0  0  0  0  0  0  0  0  0  0
31918  s  0.487099  0.00415949  0.0436018  9.41331  0.131554  -0.173958  9.41019  7.81268  0.213867  0.153088  7.80754  D_s+  22.8783  -0.0392915  0.0527143  22.7934  0  0  0  0  0  0  0  0  0  0  0  0  0  0  0  0  0  0
31942  s  2.47257  0.110977  0.151621  10.4536  0.591867  1.11388  10.3767  7.5488  -0.322031  0.0896654  7.54065  D0  14.0414  -0.484797  0.0360974  13.9085  0  0  0  0  0  0  0  0  0  0  0  0  0  0  0  0  0  0
31949  s  0.534624  0.00726825  0.0644782  18.8547  0.226807  -0.279349  18.851  1.89436  -0.110391  0.161645  1.88126  D+  10.8922  0.101072  0.886206  10.6934  0  0  0  0  0  0  0  0  0  0  0  0  0  0  0  0  0  0
31988  s  1.51605  0.0706928  0.139779  22.4849  0.31768  1.09156  22.4559  0.68301  0.00584477  -0.138269  0.660443  D+  11.2197  -0.0598617  -0.284934  11.059  0  0  0  0  0  0  0  0  0  0  0  0  0  0  0  0  0  0
32061  s  0.762798  0.00983977  0.0478836  8.29877  0.292471  0.163891  8.29132  1.32155  -0.073242  -0.00514682  1.31527  eta  3.02429  -0.56819  -0.0348412  2.91927  0.945142  -0.192973  0.0706127  0.916463  eta  3.02429  -0.56819  -0.0348412  2.91927  0  0  0  0  0  0  0  0  0
33975  s  0.89343  0.0140102  0.053493  9.44963  0.115758  0.409208  9.43947  0.447054  -0.0135883  -0.0203179  0.4337  D0  19.0725  0.731054  -0.211222  18.9659  0  0  0  0  0  0  0  0  0  0  0  0  0  0  0  0  0  0
34045  s  1.60843  0.0358886  0.0670729  1.39663  -0.159421  -0.231315  1.364  4.22113  0.436469  -0.118997  4.19548  D+  29.8917  0.359664  -0.484504  29.8271  0  0  0  0  0  0  0  0  0  0  0  0  0  0  0  0  0  0
34316  s  0.989106  0.0133015  0.0438858  0.616117  0.0480434  0.0410724  0.60369  0.656496  -0.210496  0.0187768  0.612504  tau+  29.1984  -0.386943  -0.754252  29.1319  0  0  0  0  0  0  0  0  0  0  0  0  0  0  0  0  0  0
34514  s  1.92952  0.0534324  0.08567  2.68001  0.470193  0.130139  2.63311  3.86492  0.120809  0.424261  3.83821  D+  25.2614  -0.284834  -0.111253  25.1903  0  0  0  0  0  0  0  0  0  0  0  0  0  0  0  0  0  0
34615  s  1.78189  0.0433243  0.0739874  0.756215  0.17423  0.13192  0.716197  0.734455  0.0530714  -0.0457441  0.72343  D+  25.6566  -0.677104  -0.776708  25.5677  0  0  0  0  0  0  0  0  0  0  0  0  0  0  0  0  0  0
34933  s  1.5563  0.0659045  0.127028  20.6136  1.10077  0.32449  20.5813  0.175315  -0.0224122  0.0983734  0.0969098  D_s+  12.941  0.587768  0.233866  12.7748  0  0  0  0  0  0  0  0  0  0  0  0  0  0  0  0  0  0
35141  s  0.930732  0.0347311  0.124889  26.5193  -0.627765  -0.423213  26.5083  1.56728  0.215683  0.185113  1.53767  D+  9.42267  0.522349  -0.0218425  9.22051  0  0  0  0  0  0  0  0  0  0  0  0  0  0  0  0  0  0
35526  s  2.50927  0.0930269  0.126131  3.74237  0.141716  -0.745262  3.66315  10.0275  -0.368024  -0.221226  10.0177  D+  25.4699  -0.398483  0.54205  25.3923  0  0  0  0  0  0  0  0  0  0  0  0  0  0  0  0  0  0
35529  s  2.05447  0.144029  0.220431  24.194  -0.893396  1.32655  24.1408  5.17096  -0.31886  -0.83096  5.09269  Lambda_c+  12.602  0.198671  -0.994134  12.3513  0  0  0  0  0  0  0  0  0  0  0  0  0  0  0  0  0  0
35535  s  0.746439  0.0159185  0.0801863  21.1587  0.158683  -0.515426  21.1515  1.7845  0.177477  -0.464632  1.71052  D_s+  9.87755  0.183282  -0.262481  9.67412  0  0  0  0  0  0  0  0  0  0  0  0  0  0  0  0  0  0
36130  s  3.61914  0.26184  0.305875  11.9415  -0.678796  -1.80746  11.7839  3.4563  -0.382634  0.0987718  3.43201  D0  18.1885  -0.695948  1.16757  18.0415  0  0  0  0  0  0  0  0  0  0  0  0  0  0  0  0  0  0
36162  d  3.50086  0.212508  0.211977  9.07702  1.59222  0.476338  8.92295  1.82434  -0.112563  -0.021578  1.81767  Lambdabar0  13.7813  -0.206888  -0.254162  13.7322  0  0  0  0  0  0  0  0  0  0  0  0  0  0  0  0  0  0
36482  s  1.16594  0.0224159  0.0595009  7.49306  -0.0274484  -0.495736  7.47584  4.11767  -0.519152  -0.273691  4.07426  D+  18.392  -0.180859  0.19124  18.2948  0  0  0  0  0  0  0  0  0  0  0  0  0  0  0  0  0  0
37168  s  0.640181  0.00665561  0.0431919  6.99678  -0.146104  0.203598  6.99149  9.95354  -0.467226  -0.461627  9.93128  D+  26.0018  -0.240974  0.252233  25.9321  0  0  0  0  0  0  0  0  0  0  0  0  0  0  0  0  0  0
37187  s  1.5946  0.0889594  0.1675  24.5789  -0.428094  -1.17529  24.5468  1.29736  0.36849  -0.0128704  1.23937  D0  12.441  1.39648  1.21477  12.1604  0  0  0  0  0  0  0  0  0  0  0  0  0  0  0  0  0  0
37275  s  1.19241  0.0247497  0.0638961  9.19647  0.479845  -0.29882  9.17848  5.41913  0.299816  -0.386132  5.396  D0  24.9949  -0.513846  -0.183665  24.9193  0  0  0  0  0  0  0  0  0  0  0  0  0  0  0  0  0  0
37487  s  2.03121  0.0596329  0.0920887  2.49635  0.606475  -0.00143904  2.41925  0.488332  -0.197591  0.140714  0.41044  D0  18.7416  -0.709775  0.4597  18.6294  0  0  0  0  0  0  0  0  0  0  0  0  0  0  0  0  0  0
37769  s  3.08328  0.185202  0.228536  12.4566  1.67485  0.384079  12.3371  2.02823  -0.105975  0.180909  2.0146  D0  14.1456  -0.806889  -0.257038  13.9965  0  0  0  0  0  0  0  0  0  0  0  0  0  0  0  0  0  0
38397  cbar  2.74064  0.190007  0.189582  11.3759  -1.49585  -0.731569  11.2529  4.00077  -0.3328  0.465414  3.95824  Lambda_c+  8.20175  -0.783092  0.371811  7.82874  0  0  0  0  0  0  0  0  0  0  0  0  0  0  0  0  0  0
38727  s  1.18892  0.0194449  0.050385  1.07267  0.128385  0.102078  1.05477  7.34484  -0.641613  -0.296245  7.30999  D_s+  20.4268  -0.0117694  -0.688368  20.3201  0  0  0  0  0  0  0  0  0  0  0  0  0  0  0  0  0  0
38769  s  1.21855  0.0363098  0.0912904  13.7959  -0.349504  -0.428229  13.7844  3.74255  0.326609  -0.194691  3.72168  D+  17.0041  -0.0295578  -0.356541  16.8972  0  0  0  0  0  0  0  0  0  0  0  0  0  0  0  0  0  0
39211  s  0.624857  0.00585813  0.0396136  3.84452  0.176552  -0.126011  3.83694  2.11021  -0.359214  -0.0590664  2.07589  D+  14.3309  0.163434  -0.261677  14.205  0  0  0  0  0  0  0  0  0  0  0  0  0  0  0  0  0  0
39271  s  0.494765  0.00357  0.0363819  3.27047  -0.00712071  -0.0990045  3.26726  7.1197  -0.433952  -0.572168  7.08261  D_s+  31.6254  -1.03922  -1.02409  31.5304  0  0  0  0  0  0  0  0  0  0  0  0  0  0  0  0  0  0
39771  s  1.97618  0.0574032  0.0904143  3.55657  0.563942  0.135162  3.50738  3.04697  -0.126382  0.591498  2.98446  D0  21.3355  -1.27197  0.268034  21.2141  0  0  0  0  0  0  0  0  0  0  0  0  0  0  0  0  0  0
40736  s  2.35109  0.227244  0.318887  26.8482  -1.92846  0.0197053  26.7787  1.89023  -0.0101865  0.416583  1.84069  D0  9.04367  1.13447  -0.0623431  8.77607  0  0  0  0  0  0  0  0  0  0  0  0  0  0  0  0  0  0
41119  s  1.25277  0.0278496  0.0677532  9.77987  0.612616  0.0378657  9.76002  6.41847  0.145193  0.613757  6.38654  D0  19.2702  0.17399  0.961787  19.1548  0  0  0  0  0  0  0  0  0  0  0  0  0  0  0  0  0  0
41592  s  1.36693  0.0373392  0.0822659  13.1441  -0.426922  0.653157  13.1205  4.59734  0.624612  -0.169638  4.55032  Lambda_c+  16.6732  0.910635  -0.555199  16.4812  0  0  0  0  0  0  0  0  0  0  0  0  0  0  0  0  0  0
42171  s  1.69881  0.104982  0.186599  25.1615  -0.795945  1.0886  25.1251  0.754298  0.163783  -0.00152033  0.72868  D+  9.35199  -0.453748  -1.74231  8.98458  0  0  0  0  0  0  0  0  0  0  0  0  0  0  0  0  0  0
42389  s  1.10116  0.0311618  0.0889518  19.0748  0.540049  0.53224  19.0594  0.631305  -0.219495  0.0576633  0.579551  D+  15.5812  -0.0677416  -0.312991  15.4653  0  0  0  0  0  0  0  0  0  0  0  0  0  0  0  0  0  0
42990  s  2.071  0.0853292  0.129961  13.025  0.409827  1.10674  12.971  2.00552  0.258514  -0.301795  1.96291  D+  11.2203  0.295373  -0.264165  11.0564  0  0  0  0  0  0  0  0  0  0  0  0  0  0  0  0  0  0
43045  s  1.50143  0.0720006  0.143742  23.1263  -0.570557  0.989191  23.0978  1.11107  0.0286222  0.00924194  1.10562  D0  10.3634  0.452973  -0.689259  10.1608  0  0  0  0  0  0  0  0  0  0  0  0  0  0  0  0  0  0
43082  s  2.05966  0.130479  0.199376  22.4851  -1.46314  -0.497483  22.4317  0.819618  -0.165935  0.244215  0.757255  D+  11.9816  0.255796  -0.105814  11.8316  0  0  0  0  0  0  0  0  0  0  0  0  0  0  0  0  0  0
43111  s  0.77407  0.00848966  0.0403652  2.20008  0.047578  0.142279  2.19241  0.741178  0.29898  -0.190022  0.642404  tau+  13.6406  0.317025  -0.328284  13.5166  0  0  0  0  0  0  0  0  0  0  0  0  0  0  0  0  0  0
43125  s  0.948452  0.0122401  0.0428491  0.646846  -0.0591776  -0.000806898  0.635408  0.707425  0.0576401  0.193272  0.669784  D_s+  25.1651  1.35285  -0.328154  25.0493  0  0  0  0  0  0  0  0  0  0  0  0  0  0  0  0  0  0
43142  s  0.62046  0.0364276  0.249222  32.2908  0.0741928  0.570694  32.2855  0.819202  -0.0684149  0.534885  0.607574  Lambda_c+  4.63614  -0.1507  -0.0366614  4.03012  0  0  0  0  0  0  0  0  0  0  0  0  0  0  0  0  0  0
43468  d  2.27778  0.177469  0.177097  24.0296  -1.23045  -1.26725  23.9644  0.221994  -0.082063  -0.0309904  0.17442  Lambda0  1.89723  0.0509838  0.199684  1.52062  0  0  0  0  0  0  0  0  0  0  0  0  0  0  0  0  0  0
43520  s  2.13042  0.0899902  0.134459  12.9341  0.93671  0.765728  12.8769  0.827692  0.177338  0.12594  0.791581  D+  12.3503  -0.359812  -0.406033  12.1959  0  0  0  0  0  0  0  0  0  0  0  0  0  0  0  0  0  0
44012  s  1.16868  0.0286844  0.0759125  11.6864  -0.633572  0.093815  11.6684  0.389092  0.0946933  -0.0323403  0.360854  D+  9.16771  -0.0948618  -0.215135  8.97196  0  0  0  0  0  0  0  0  0  0  0  0  0  0  0  0  0  0
44323  s  1.74189  0.0683794  0.11899  11.7198  -1.02095  -0.0733359  11.6746  9.32738  1.02965  0.462176  9.25824  D+  16.0292  1.68928  0.245556  15.828  0  0  0  0  0  0  0  0  0  0  0  0  0  0  0  0  0  0
44433  s  1.3764  0.0452574  0.0989545  11.1905  0.893754  0.211577  11.1523  6.2028  0.415848  0.337198  6.17875  D+  14.0631  -0.255684  0.365525  13.9311  0  0  0  0  0  0  0  0  0  0  0  0  0  0  0  0  0  0
45046  s  1.39076  0.0379622  0.0820853  12.6592  -0.778984  0.00476562  12.6348  4.19949  0.0543885  0.644573  4.14802  D+  17.0289  0.109058  0.409331  16.9207  0  0  0  0  0  0  0  0  0  0  0  0  0  0  0  0  0  0
45269  s  1.64886  0.0423436  0.077348  5.59541  -0.609275  -0.0115182  5.56113  6.97127  -0.187551  -0.318151  6.96068  D+  25.6179  0.642382  -1.85804  25.4738  0  0  0  0  0  0  0  0  0  0  0  0  0  0  0  0  0  0
45476  s  3.40355  0.200808  0.239244  8.64246  -0.000199382  -1.59331  8.49366  2.25013  0.117528  -0.248953  2.23073  D_s+  23.2717  -0.202116  0.323092  23.1851  0  0  0  0  0  0  0  0  0  0  0  0  0  0  0  0  0  0
45580  s  1.36689  0.0546881  0.120468  23.64  0.189014  -1.11365  23.6128  1.5991  -0.467447  0.0724445  1.52387  D+  8.42052  -1.34145  0.0110673  8.1  0  0  0  0  0  0  0  0  0  0  0  0  0  0  0  0  0  0
45921  s  1.53471  0.0321677  0.0628726  0.791651  -0.172101  0.0734361  0.761929  3.70788  -0.27648  0.0985852  3.69473  D+  30.3917  -0.230158  -0.208847  30.3325  0  0  0  0  0  0  0  0  0  0  0  0  0  0  0  0  0  0
46198  s  1.26939  0.0275019  0.0658827  4.24811  0.358714  -0.281339  4.22226  7.07532  0.556961  0.422267  7.03992  D+  18.0789  -0.0790242  0.797103  17.9641  0  0  0  0  0  0  0  0  0  0  0  0  0  0  0  0  0  0
46359  s  1.30605  0.0249214  0.0577771  2.58335  -0.309943  0.242033  2.55106  2.55877  0.248784  -0.0115069  2.54443  Lambda_c+  26.9168  0.264351  -0.227969  26.8173  0  0  0  0  0  0  0  0  0  0  0  0  0  0  0  0  0  0
46441  s  0.892714  0.0141235  0.0539893  9.74139  -0.384785  -0.195984  9.73124  9.2903  -0.283745  -0.0067948  9.28537  D0  28.0756  0.679386  -0.514711  28.0007  0  0  0  0  0  0  0  0  0  0  0  0  0  0  0  0  0  0
46805  s  1.52954  0.102462  0.20076  27.6431  -1.01672  0.765808  27.6136  2.90801  -0.274114  -0.524939  2.84511  D+  9.07349  0.529545  -0.0387863  8.86289  0  0  0  0  0  0  0  0  0  0  0  0  0  0  0  0  0  0
46822  s  1.29039  0.0254248  0.0597628  4.91104  0.0453591  0.439452  4.88998  10.6562  0.0581675  -0.0759569  10.6553  Lambda_c+  33.9915  0.0956799  0.0145095  33.9144  0  0  0  0  0  0  0  0  0  0  0  0  0  0  0  0  0  0
47110  s  1.35851  0.0396162  0.087873  14.9855  -0.574225  0.597877  14.9622  1.70965  -0.117699  -0.327747  1.67047  Lambda_c+  23.6293  -0.00465485  -0.778749  23.5055  0  0  0  0  0  0  0  0  0  0  0  0  0  0  0  0  0  0
47330  s  1.1299  0.095374  0.263161  32.6774  0.620448  -0.812839  32.6612  1.65514  -0.145608  0.81665  1.42836  Lambda_c+  5.40987  -0.820707  0.972885  4.73484  0  0  0  0  0  0  0  0  0  0  0  0  0  0  0  0  0  0
47851  s  1.21907  0.0216179  0.0543335  3.17674  0.323619  0.0568417  3.15794  1.40739  0.109413  -0.140619  1.39206  D0  27.3359  -0.445733  -0.915676  27.2532  0  0  0  0  0  0  0  0  0  0  0  0  0  0  0  0  0  0
48098  s  2.08496  0.0738572  0.111987  8.44568  -0.44058  -0.846353  8.39095  4.50818  -0.0956345  0.0688986  4.5054  D0  21.9976  0.497022  -0.468707  21.9077  0  0  0  0  0  0  0  0  0  0  0  0  0  0  0  0  0  0
48195  s  1.1461  0.0199069  0.0539929  4.63866  -0.367138  0.0872643  4.62208  2.81122  0.372108  0.328576  2.76503  D+  21.8625  0.175093  0.68219  21.771  0  0  0  0  0  0  0  0  0  0  0  0  0  0  0  0  0  0
49355  s  0.504335  0.00367784  0.0362103  2.95665  0.0555251  0.0738998  2.95332  0.38748  0.0153787  -0.0217177  0.371845  D+  34.2704  0.329773  0.154261  34.2175  0  0  0  0  0  0  0  0  0  0  0  0  0  0  0  0  0  0
49415  s  2.80132  0.106976  0.137475  0.719575  0.342892  0.0596861  0.620876  2.45086  -0.276725  0.401768  2.39949  D+  19.3556  -0.922512  0.0394526  19.2429  0  0  0  0  0  0  0  0  0  0  0  0  0  0  0  0  0  0
50008  s  1.35522  0.028087  0.0624748  4.96446  0.400322  -0.241789  4.94125  6.61122  0.37822  -0.57016  6.57487  Lambda_c+  30.725  0.225108  -0.0384636  30.639  0  0  0  0  0  0  0  0  0  0  0  0  0  0  0  0  0  0
50171  s  2.07306  0.0671754  0.102264  5.71843  -0.12947  0.766849  5.66431  17.1724  -0.212237  -0.544396  17.1621  D0  20.6674  0.0605058  -0.423091  20.5787  0  0  0  0  0  0  0  0  0  0  0  0  0  0  0  0  0  0
50515  s  0.888702  0.0128288  0.0493684  7.00354  0.1317  -0.335104  6.99348  12.6463  0.273165  0.314828  12.639  D+  23.4247  0.331483  0.445257  23.3434  0  0  0  0  0  0  0  0  0  0  0  0  0  0  0  0  0  0
50603  s  1.45868  0.0961329  0.197565  22.5634  -0.979647  -0.668927  22.5319  1.39062  -0.36432  0.106275  1.33365  D+  11.5186  0.723949  0.925305  11.3049  0  0  0  0  0  0  0  0  0  0  0  0  0  0  0  0  0  0
50632  s  0.553743  0.00484153  0.0403653  5.31235  0.124105  0.101923  5.30887  21.1227  -0.376155  -0.0367524  21.119  D0  27.6654  -0.737889  -0.342952  27.5905  0  0  0  0  0  0  0  0  0  0  0  0  0  0  0  0  0  0
51116  s  3.38087  0.22547  0.269137  12.7955  -0.898622  1.68465  12.6518  2.03643  -0.151719  0.162914  2.02147  D0  15.7732  -0.797061  -2.0926  15.5016  0  0  0  0  0  0  0  0  0  0  0  0  0  0  0  0  0  0
51233  s  0.865674  0.0142009  0.0568286  11.6896  0.428258  -0.169295  11.68  0.954476  -0.275608  0.0591234  0.905762  D+  24.0377  -1.54589  -0.290427  23.9132  0  0  0  0  0  0  0  0  0  0  0  0  0  0  0  0  0  0
51362  s  0.504891  0.00375621  0.0369085  3.6458  0.114852  -0.000974808  3.64246  0.21896  0.0949481  -0.0211174  0.165283  D0  15.7428  -0.146058  -0.0794576  15.6311  0  0  0  0  0  0  0  0  0  0  0  0  0  0  0  0  0  0
51471  s  1.72669  0.0501693  0.0879779  6.2737  -0.347986  0.615816  6.2328  9.20894  0.189735  -0.0880831  9.20596  D+  27.3984  1.01998  0.366179  27.3131  0  0  0  0  0  0  0  0  0  0  0  0  0  0  0  0  0  0
51639  s  1.19243  0.035787  0.0923771  20.9449  0.924697  0.00181371  20.9242  3.32404  -0.186818  -0.27549  3.30564  D_s+  9.14779  0.336631  -0.122851  8.92629  0  0  0  0  0  0  0  0  0  0  0  0  0  0  0  0  0  0
52268  s  3.28472  0.245842  0.296251  12.5393  -0.461853  1.87617  12.3891  8.71118  0.800379  -0.159983  8.67221  D+  19.9082  0.777858  -1.3186  19.7611  0  0  0  0  0  0  0  0  0  0  0  0  0  0  0  0  0  0
52328  s  1.35013  0.0386084  0.0862243  5.865  0.577139  0.288075  5.82846  4.55396  0.173361  -0.13738  4.54736  D0  9.5139  -0.540398  -0.0952011  9.31319  0  0  0  0  0  0  0  0  0  0  0  0  0  0  0  0  0  0
52777  s  2.11099  0.0646833  0.097268  3.09767  -0.577234  -0.00995147  3.04156  4.88669  -0.351065  -0.156412  4.87041  D0  32.4527  0.671879  -0.324111  32.3905  0  0  0  0  0  0  0  0  0  0  0  0  0  0  0  0  0  0
53627  s  1.57077  0.0341892  0.0653404  1.3533  0.0415613  -0.265315  1.32217  0.385277  0.077077  0.105491  0.346706  D+  28.9694  -0.115601  0.202248  28.908  0  0  0  0  0  0  0  0  0  0  0  0  0  0  0  0  0  0
53699  s  1.33268  0.0269313  0.06103  4.66777  0.0473028  -0.442316  4.64532  15.7173  -0.0883911  -0.180633  15.7157  D+  29.4926  -0.636737  0.630022  29.4197  0  0  0  0  0  0  0  0  0  0  0  0  0  0  0  0  0  0
53809  d  2.84725  0.115046  0.11489  0.161416  -0.071746  -0.0713266  -0.0682351  1.33366  0.141899  -0.245575  1.29886  omega  4.79412  0.757979  0.0206908  4.6702  0.550059  0.00984112  0.00880361  0.539654  omega  4.79412  0.757979  0.0206908  4.6702  0  0  0  0  0  0  0  0  0
55271  s  1.05863  0.0158358  0.0476203  1.06347  0.132877  -0.0726206  1.04731  1.29284  -0.0486909  -0.202369  1.27159  D+  15.6016  0.313118  0.0774681  15.4858  0  0  0  0  0  0  0  0  0  0  0  0  0  0  0  0  0  0
55624  s  1.72904  0.0516258  0.090425  9.45103  -0.321689  -0.854626  9.40622  1.29033  0.176432  -0.00102374  1.27384  D+  11.3355  -0.111639  0.542906  11.1665  0  0  0  0  0  0  0  0  0  0  0  0  0  0  0  0  0  0
55907  s  2.47635  0.123221  0.168187  14.3319  1.49982  -0.224179  14.251  1.5786  0.223098  -0.239513  1.54068  Lambda_c+  21.4549  -0.785491  -0.219616  21.3171  0  0  0  0  0  0  0  0  0  0  0  0  0  0  0  0  0  0
57059  s  1.99674  0.135585  0.211761  23.2233  -0.727468  1.42542  23.1679  0.963736  -0.240536  -0.0745604  0.924233  Lambda_c+  11.1695  -0.0931768  -1.1448  10.8724  0  0  0  0  0  0  0  0  0  0  0  0  0  0  0  0  0  0
57230  s  3.50716  0.176564  0.208428  2.68725  0.0967763  -0.886896  2.53263  5.02738  -0.405771  0.128934  5.00821  D+  20.9466  -0.302342  -0.233395  20.8595  0  0  0  0  0  0  0  0  0  0  0  0  0  0  0  0  0  0
57276  s  0.717332  0.00939462  0.050468  10.6228  -0.00621682  -0.359215  10.6162  2.86517  0.221801  0.117844  2.85219  D+  26.7158  -1.17163  0.160559  26.624  0  0  0  0  0  0  0  0  0  0  0  0  0  0  0  0  0  0
57704  s  2.72587  0.165824  0.215615  14.6582  -0.46553  -1.62761  14.5598  11.0741  -0.439778  0.842714  11.0328  D_s+  20.2807  0.957211  1.24139  20.124  0  0  0  0  0  0  0  0  0  0  0  0  0  0  0  0  0  0
57813  s  2.04558  0.0620489  0.0953434  3.87387  0.286063  -0.559004  3.82118  3.16475  0.0366086  -0.217994  3.15525  D_s+  27.4261  -0.0961682  0.811556  27.3432  0  0  0  0  0  0  0  0  0  0  0  0  0  0  0  0  0  0
58324  cbar  2.46817  0.238577  0.237907  18.3265  -0.481821  -1.75162  18.2359  2.09958  -0.382223  0.0521866  2.06113  Lambda_c+  5.65976  0.485508  -0.57426  5.12245  0  0  0  0  0  0  0  0  0  0  0  0  0  0  0  0  0  0
58643  s  1.77385  0.0499464  0.085611  3.61888  0.0827605  0.525213  3.57804  9.56877  -0.233429  0.45121  9.55469  D0  26.4533  -0.517981  -0.228711  26.3814  0  0  0  0  0  0  0  0  0  0  0  0  0  0  0  0  0  0
59020  s  0.530699  0.00447372  0.0402116  6.2626  -0.0133716  0.186292  6.25892  1.40293  -0.24437  0.250857  1.3544  D0  13.6585  -0.0348653  0.0765071  13.5304  0  0  0  0  0  0  0  0  0  0  0  0  0  0  0  0  0  0
59165  s  0.911509  0.0287094  0.10642  24.3888  0.546932  0.453236  24.3782  4.06812  -0.26328  0.000286086  4.05822  D+  13.1534  -0.948623  -0.657786  12.9685  0  0  0  0  0  0  0  0  0  0  0  0  0  0  0  0  0  0
59629  s  3.16188  0.199067  0.243297  8.57185  1.56037  0.898795  8.37991  0.329819  -0.045993  0.145545  0.272613  Lambda_c+  19.0476  -2.16186  -0.955572  18.7616  0  0  0  0  0  0  0  0  0  0  0  0  0  0  0  0  0  0
60000  s  1.65607  0.0662439  0.120496  17.7484  -0.458849  -1.00237  17.7138  2.03296  0.0132876  -0.085674  2.02836  D0  14.7848  0.87903  -0.794197  14.6188  0  0  0  0  0  0  0  0  0  0  0  0  0  0  0  0  0  0
60034  s  0.749848  0.00788796  0.0394488  1.82475  0.0543876  -0.110045  1.81755  21.6972  0.0474239  -0.109477  21.6966  Lambda_c+  37.6159  -0.71113  -0.429436  37.5372  0  0  0  0  0  0  0  0  0  0  0  0  0  0  0  0  0  0
60691  s  1.69667  0.0412375  0.0734333  2.61082  -0.419436  0.0333265  2.57452  8.24497  0.148575  0.0631932  8.24271  Lambda_c+  35.7396  0.302189  0.124477  35.6649  0  0  0  0  0  0  0  0  0  0  0  0  0  0  0  0  0  0
61254  s  0.933568  0.0148127  0.0530438  8.45624  0.163627  -0.386571  8.44516  7.56794  0.101944  0.673613  7.53647  D0  19.847  0.166981  0.0344852  19.7585  0  0  0  0  0  0  0  0  0  0  0  0  0  0  0  0  0  0
61477  s  1.95672  0.0523481  0.0830596  0.834771  0.220388  -0.135854  0.786544  8.54405  0.13654  -0.359477  8.53474  D0  28.2453  -0.0415148  0.565574  28.178  0  0  0  0  0  0  0  0  0  0  0  0  0  0  0  0  0  0
61649  d  2.89121  0.303084  0.302004  25.1135  -2.17529  -0.725273  25.0084  7.70435  0.512776  0.53557  7.66786  rho0  9.26977  0.630631  0.821868  9.19872  1.56542  0.117855  0.286298  1.53085  rho0  9.26977  0.630631  0.821868  9.19872  0  0  0  0  0  0  0  0  0
62175  s  0.518369  0.00385001  0.0360862  2.61808  -0.0634994  0.0565385  2.61456  8.91612  0.194074  0.0518654  8.91323  D+  28.6082  -0.401838  -0.0931966  28.5441  0  0  0  0  0  0  0  0  0  0  0  0  0  0  0  0  0  0
62808  s  1.81056  0.144184  0.242734  27.695  1.38999  0.585932  27.6537  2.52531  -0.516226  -0.640077  2.38534  D+  8.21369  -0.625554  -0.304189  7.96778  0  0  0  0  0  0  0  0  0  0  0  0  0  0  0  0  0  0
63070  cbar  3.15253  0.244196  0.243494  17.929  2.45851  -0.764387  17.7428  0.762599  0.186409  -0.283134  0.674892  D+  6.686  -0.430764  0.109675  6.40387  0  0  0  0  0  0  0  0  0  0  0  0  0  0  0  0  0  0
63802  s  0.810687  0.0181961  0.0804736  20.5634  0.0394457  0.576582  20.555  1.16249  -0.372606  0.0702998  1.09382  D+  13.1598  -0.546389  0.303916  13.0113  0  0  0  0  0  0  0  0  0  0  0  0  0  0  0  0  0  0
64244  s  1.75617  0.0566926  0.0979863  19.4818  1.39046  0.724141  19.4183  3.93952  -0.549137  0.631575  3.84814  Lambda_c+  13.2821  -0.10022  0.350509  13.0788  0  0  0  0  0  0  0  0  0  0  0  0  0  0  0  0  0  0
64253  s  1.4639  0.047402  0.0971159  15.7189  0.890505  -0.213684  15.6918  1.93079  -0.309218  0.125966  1.89876  D+  18.987  -1.66263  -0.0701113  18.8213  0  0  0  0  0  0  0  0  0  0  0  0  0  0  0  0  0  0
64282  s  1.36141  0.049932  0.110482  20.0301  0.703281  0.657135  20.0067  4.23128  -0.33974  -0.536242  4.18206  D0  15.2937  -0.363138  -0.46851  15.168  0  0  0  0  0  0  0  0  0  0  0  0  0  0  0  0  0  0
64686  s  1.53716  0.0474997  0.0926786  13.3021  -0.883838  -0.00409593  13.2723  6.8959  0.142532  0.0486333  6.89345  D0  20.7426  1.21406  0.118976  20.6226  0  0  0  0  0  0  0  0  0  0  0  0  0  0  0  0  0  0
65221  s  1.94282  0.087088  0.138858  16.7142  0.663067  -1.06598  16.6667  2.66227  0.349974  0.0488669  2.6366  D+  15.5543  -0.436573  1.35816  15.3755  0  0  0  0  0  0  0  0  0  0  0  0  0  0  0  0  0  0
65460  s  0.862155  0.016  0.0644194  15.054  0.163583  0.497276  15.0445  2.60423  0.324699  -0.175268  2.5758  D+  22.205  -0.693356  -0.206099  22.1143  0  0  0  0  0  0  0  0  0  0  0  0  0  0  0  0  0  0
65558  s  0.931201  0.0171325  0.0615745  12.8391  0.375151  -0.362258  12.828  4.51807  -0.183438  0.0477949  4.51286  D0  17.6846  -0.401949  -0.468383  17.5752  0  0  0  0  0  0  0  0  0  0  0  0  0  0  0  0  0  0
65758  d  4.31302  0.330626  0.329342  9.8283  1.58491  -1.42035  9.59453  8.12107  -0.627506  0.231942  8.09278  omega  12.1864  -0.592378  0.408767  12.1385  2.52834  -0.0947706  0.134071  2.52079  omega  12.1864  -0.592378  0.408767  12.1385  0  0  0  0  0  0  0  0  0
65759  s  2.13331  0.0762407  0.113831  8.00086  0.691042  -0.651833  7.94357  12.8379  0.220688  0.912313  12.8031  D0  18.144  -0.405032  0.936985  18.019  0  0  0  0  0  0  0  0  0  0  0  0  0  0  0  0  0  0
65782  s  2.38499  0.104927  0.14625  7.49035  1.26405  -0.317557  7.37533  2.63612  0.0956965  0.477801  2.58853  D_s+  7.92394  -0.786878  0.446419  7.62203  0  0  0  0  0  0  0  0  0  0  0  0  0  0  0  0  0  0
65878  s  0.634132  0.00675155  0.0445249  8.07146  0.227284  0.144719  8.06627  1.96252  0.333117  -0.141286  1.92598  D+  18.396  0.0260538  -0.399595  18.2964  0  0  0  0  0  0  0  0  0  0  0  0  0  0  0  0  0  0
65965  s  2.07559  0.0769315  0.117004  9.96912  -0.512257  -0.897265  9.91488  3.34459  0.00751569  -0.057821  3.34241  D+  24.8117  0.478958  0.234971  24.7354  0  0  0  0  0  0  0  0  0  0  0  0  0  0  0  0  0  0
66630  d  3.79963  0.350744  0.349299  17.8747  1.29896  -2.18065  17.6932  2.83601  -0.0701298  0.0375756  2.83293  omega  12.1723  -0.951526  0.807672  12.0829  6.20843  -0.400406  0.551652  6.16999  omega  12.1723  -0.951526  0.807672  12.0829  0  0  0  0  0  0  0  0  0
67112  s  0.789801  0.00955647  0.0440217  4.92618  -0.200217  -0.231784  4.91552  1.24734  0.17454  0.0163029  1.23043  D_s+  22.9469  0.134035  -0.0327854  22.8618  0  0  0  0  0  0  0  0  0  0  0  0  0  0  0  0  0  0
67332  s  1.69295  0.0920731  0.164176  23.2226  1.15893  0.568139  23.1864  9.7147  -0.375186  -0.809039  9.67311  Lambda_c+  15.5605  -0.68174  -1.06855  15.3393  0  0  0  0  0  0  0  0  0  0  0  0  0  0  0  0  0  0
67452  s  1.46888  0.0317702  0.0648766  0.839041  -0.0120116  -0.202736  0.807205  8.61856  -0.33015  0.0392426  8.6115  D0  17.1798  -0.555068  0.711207  17.0545  0  0  0  0  0  0  0  0  0  0  0  0  0  0  0  0  0  0
67496  s  1.22791  0.0211198  0.0526232  0.358046  0.0621594  -0.0345171  0.334631  5.22041  -0.258668  -0.673268  5.16926  D0  18.6683  -0.35555  -0.720836  18.5575  0  0  0  0  0  0  0  0  0  0  0  0  0  0  0  0  0  0
67663  s  2.04374  0.0876973  0.134799  14.43  0.394516  -1.16122  14.3774  8.74205  0.265016  0.08724  8.73696  D+  21.011  1.08588  0.101593  20.8992  0  0  0  0  0  0  0  0  0  0  0  0  0  0  0  0  0  0
67712  s  1.2079  0.0381531  0.096946  19.4321  0.834005  -0.102707  19.4137  5.66523  -0.0141757  0.157237  5.66204  D0  12.3323  -0.288085  0.107043  12.1866  0  0  0  0  0  0  0  0  0  0  0  0  0  0  0  0  0  0
68291  s  2.15912  0.074025  0.109657  6.25112  0.54318  0.65123  6.19243  10.0162  0.241003  -0.287889  10.0086  D+  15.7965  -0.0379639  -0.0373468  15.6854  0  0  0  0  0  0  0  0  0  0  0  0  0  0  0  0  0  0
69337  s  1.11573  0.0414662  0.116356  23.8127  -0.859602  0.030965  23.7969  0.172928  0.0810369  -0.0221593  0.108084  D+  12.5958  1.35869  0.667219  12.364  0  0  0  0  0  0  0  0  0  0  0  0  0  0  0  0  0  0
69525  s  1.73269  0.0485099  0.0848167  6.83049  -0.709626  0.0292164  6.79265  3.31288  0.0991962  0.262812  3.29926  D0  12.0537  0.571966  0.108375  11.8943  0  0  0  0  0  0  0  0  0  0  0  0  0  0  0  0  0  0
69549  s  2.1953  0.0738807  0.108279  5.04915  0.227566  -0.738931  4.98848  14.9882  0.230853  0.186324  14.9849  D0  31.5039  0.00440708  0.654459  31.4418  0  0  0  0  0  0  0  0  0  0  0  0  0  0  0  0  0  0
69993  s  2.55076  0.0959586  0.128996  3.67826  -0.762977  -0.0467324  3.59641  13.5686  0.714974  -0.175353  13.5482  D0  29.9099  -0.217407  -0.300063  29.8494  0  0  0  0  0  0  0  0  0  0  0  0  0  0  0  0  0  0
70096  s  1.90892  0.097994  0.158317  19.9946  -0.825206  1.06843  19.9487  0.468413  -0.106259  0.049987  0.440972  D0  8.33875  0.276163  -0.177276  8.12092  0  0  0  0  0  0  0  0  0  0  0  0  0  0  0  0  0  0
70630  s  2.73373  0.119452  0.155197  6.47131  0.78996  -0.756687  6.37731  3.96193  0.21787  -0.0501485  3.9542  D0  23.1378  0.0831201  0.958325  23.0425  0  0  0  0  0  0  0  0  0  0  0  0  0  0  0  0  0  0
70746  s  1.61837  0.0402589  0.0748085  5.14241  0.556082  0.135181  5.10937  3.76576  -0.110515  -0.319624  3.74905  D0  21.7125  -0.898708  -0.42959  21.6093  0  0  0  0  0  0  0  0  0  0  0  0  0  0  0  0  0  0
71136  s  2.4662  0.0828552  0.113395  0.692606  0.260325  -0.145666  0.616077  3.65096  0.245563  0.267773  3.6313  D+  15.4275  0.114383  0.198467  15.3121  0  0  0  0  0  0  0  0  0  0  0  0  0  0  0  0  0  0
71143  s  0.495228  0.00882088  0.0897364  24.9944  0.386322  0.023797  24.9912  1.37684  -0.135751  0.0743351  1.36403  Lambda_c+  14.447  -0.522643  0.462805  14.2478  0  0  0  0  0  0  0  0  0  0  0  0  0  0  0  0  0  0
71433  s  1.66783  0.0691647  0.125008  18.3788  -0.625653  0.941002  18.3437  0.454512  0.0410417  0.198103  0.393049  D0  16.3816  1.48912  -0.476085  16.1998  0  0  0  0  0  0  0  0  0  0  0  0  0  0  0  0  0  0
71939  s  3.40194  0.162472  0.193688  1.85171  -0.234057  0.67209  1.70622  5.00303  0.465115  -0.344689  4.9683  Lambda_c+  29.3562  1.1565  -2.14899  29.1651  0  0  0  0  0  0  0  0  0  0  0  0  0  0  0  0  0  0
72437  s  1.58399  0.0345058  0.0654226  1.0623  0.154824  0.176386  1.03065  8.40523  -0.13489  -0.428326  8.39256  tau+  25.1397  -1.21198  -0.303094  25.0457  0  0  0  0  0  0  0  0  0  0  0  0  0  0  0  0  0  0
72673  s  1.66883  0.0546569  0.0987504  16.534  0.144723  1.21158  16.4885  0.251206  0.0267614  -0.00721738  0.226212  D+  8.4298  -0.427226  -0.154434  8.20729  0  0  0  0  0  0  0  0  0  0  0  0  0  0  0  0  0  0
72805  s  1.53141  0.0438286  0.0858329  11.296  -0.163099  -0.793706  11.2664  8.59684  0.0876927  0.669507  8.56963  D0  18.6034  -0.387229  0.819615  18.4875  0  0  0  0  0  0  0  0  0  0  0  0  0  0  0  0  0  0
72839  s  0.539137  0.00436483  0.0381499  4.32347  0.108945  0.0986496  4.31968  4.35746  0.147082  -0.382082  4.33689  D0  26.9339  -0.684266  -0.786127  26.849  0  0  0  0  0  0  0  0  0  0  0  0  0  0  0  0  0  0
73948  s  1.07884  0.0166782  0.0489103  2.62256  0.00491363  0.256908  2.6078  11.0412  0.00968323  -0.387346  11.0339  D0  32.2519  -0.0905035  0.0428717  32.1978  0  0  0  0  0  0  0  0  0  0  0  0  0  0  0  0  0  0
74297  s  1.68437  0.0426955  0.0765172  4.40016  -0.14769  -0.529673  4.36438  2.85927  -0.245644  0.343878  2.8259  D0  12.6355  0.579668  0.355076  12.4786  0  0  0  0  0  0  0  0  0  0  0  0  0  0  0  0  0  0
74800  s  1.78675  0.0993122  0.169107  22.6803  -0.815833  1.07087  22.6401  0.793333  0.260109  -0.253521  0.697341  Lambda_c+  15.5244  1.16702  -1.27168  15.2578  0  0  0  0  0  0  0  0  0  0  0  0  0  0  0  0  0  0
75039  s  1.85764  0.107631  0.177582  9.56614  0.764863  0.842406  9.49765  4.23941  -0.227114  -0.738888  4.167  D+  13.8664  -0.818846  -1.62216  13.6191  0  0  0  0  0  0  0  0  0  0  0  0  0  0  0  0  0  0
75077  s  0.758202  0.00993234  0.048801  8.96753  -0.154018  -0.311556  8.96017  4.02266  -0.303588  -0.336732  3.99563  D+  26.13  -0.214003  0.352508  26.0597  0  0  0  0  0  0  0  0  0  0  0  0  0  0  0  0  0  0
75543  s  1.42732  0.0308923  0.0649873  4.66838  -0.313665  0.360544  4.64266  0.361749  0.0262573  -0.0473455  0.341713  D+  29.4826  0.574131  0.0810553  29.4176  0  0  0  0  0  0  0  0  0  0  0  0  0  0  0  0  0  0
75585  s  1.63815  0.0376909  0.0692616  1.86923  0.221529  -0.255226  1.83539  13.0084  -0.171962  0.0316617  13.0068  D+  25.6841  -0.717223  0.802597  25.5933  0  0  0  0  0  0  0  0  0  0  0  0  0  0  0  0  0  0
75966  s  0.536141  0.0191996  0.169445  31.8325  -0.314773  -0.35848  31.8287  2.415  0.514529  -0.36675  2.32848  D+  4.4501  0.421725  -0.119467  4.01444  0  0  0  0  0  0  0  0  0  0  0  0  0  0  0  0  0  0
76715  s  0.785027  0.0245162  0.113992  26.3563  0.259696  -0.587745  26.3482  0.465081  -0.0449014  0.25517  0.371496  D+  11.9772  -0.039957  -0.152519  11.8293  0  0  0  0  0  0  0  0  0  0  0  0  0  0  0  0  0  0
77036  d  2.30654  0.195572  0.195121  25.3144  -1.43172  1.15088  25.2474  5.78789  0.29588  -0.542145  5.75387  eta  10.052  0.455898  -0.664102  10.0047  1.43619  0.0816587  -0.130614  1.42399  eta  10.052  0.455898  -0.664102  10.0047  0  0  0  0  0  0  0  0  0
77323  s  1.24713  0.0216235  0.0528916  1.48108  0.108357  -0.187044  1.46141  12.1406  -0.477967  -0.137446  12.13  D+  26.6879  0.276635  0.554006  26.6152  0  0  0  0  0  0  0  0  0  0  0  0  0  0  0  0  0  0
77328  cbar  2.25637  0.183806  0.183408  23.6992  1.03576  -1.74058  23.6123  1.56784  -0.202484  0.193621  1.53898  D0  5.05054  -0.427663  0.622484  4.63248  0  0  0  0  0  0  0  0  0  0  0  0  0  0  0  0  0  0
77378  s  1.07855  0.0254067  0.074526  15.4117  -0.435596  -0.503514  15.3969  9.11024  0.733021  0.151959  9.07881  D+  17.585  0.971727  -0.595554  17.4482  0  0  0  0  0  0  0  0  0  0  0  0  0  0  0  0  0  0
77465  s  1.28815  0.0341206  0.0803548  18.5767  0.871008  0.330356  18.5531  7.80938  0.513214  0.00759617  7.79178  D+  14.0867  0.299805  0.0877897  13.9586  0  0  0  0  0  0  0  0  0  0  0  0  0  0  0  0  0  0
77832  s  0.70579  0.0104382  0.0575781  14.3794  -0.402249  0.104637  14.373  4.19127  0.407553  0.0359501  4.16991  D+  19.5852  0.466214  0.340484  19.4872  0  0  0  0  0  0  0  0  0  0  0  0  0  0  0  0  0  0
77874  s  0.57018  0.00568863  0.0450557  9.35587  -0.233334  0.115756  9.35164  17.2951  0.735111  0.00527805  17.2792  D+  25.3303  0.906789  0.356355  25.2424  0  0  0  0  0  0  0  0  0  0  0  0  0  0  0  0  0  0
78005  s  0.774462  0.00973415  0.0462445  6.97524  -0.124455  0.283432  6.96757  8.10727  0.161092  -0.248836  8.10116  D0  24.8707  0.75969  -0.160556  24.7885  0  0  0  0  0  0  0  0  0  0  0  0  0  0  0  0  0  0
78488  s  3.10441  0.140983  0.173609  3.38287  0.558509  0.694364  3.26168  3.21344  -0.222378  -0.262445  3.19323  D0  25.0174  -0.395452  -0.132341  24.9443  0  0  0  0  0  0  0  0  0  0  0  0  0  0  0  0  0  0
78556  s  0.950827  0.0129426  0.0451464  2.58674  0.176858  0.129974  2.57524  3.78154  0.332063  0.0484931  3.76514  D+  33.8909  0.323306  0.305813  33.8364  0  0  0  0  0  0  0  0  0  0  0  0  0  0  0  0  0  0
78619  s  3.79785  0.239291  0.27584  6.61249  -0.836887  1.36542  6.41476  7.72597  0.772776  -0.404096  7.67587  D+  16.2299  0.557428  -0.858238  16.0894  0  0  0  0  0  0  0  0  0  0  0  0  0  0  0  0  0  0
79090  s  2.17668  0.0704737  0.103854  3.98416  -0.355939  -0.577812  3.92452  8.50573  0.0572659  0.275729  8.50041  D+  29.4138  -0.0936551  1.50277  29.3157  0  0  0  0  0  0  0  0  0  0  0  0  0  0  0  0  0  0
79513  s  2.81905  0.111967  0.143478  1.98751  0.245852  0.561879  1.88756  6.96142  0.920694  -0.105461  6.89866  D+  21.1276  0.925914  -0.921171  21.0041  0  0  0  0  0  0  0  0  0  0  0  0  0  0  0  0  0  0
79731  s  1.25746  0.024593  0.0595707  5.54842  -0.449413  -0.0916037  5.52842  0.434121  -0.0577023  0.217454  0.355923  D0  14.5929  0.358864  0.0591168  14.4686  0  0  0  0  0  0  0  0  0  0  0  0  0  0  0  0  0  0
79823  s  4.27187  0.272684  0.305322  3.33756  -0.20516  -1.20662  3.10324  17.639  0.209939  0.996507  17.6093  Lambda_c+  33.7915  -0.0861991  1.49089  33.6809  0  0  0  0  0  0  0  0  0  0  0  0  0  0  0  0  0  0
79934  s  0.790623  0.0123273  0.0566912  12.789  0.420471  -0.12794  12.7811  3.17922  0.311221  -0.0370022  3.16197  D+  21.9685  -0.346428  0.777146  21.8723  0  0  0  0  0  0  0  0  0  0  0  0  0  0  0  0  0  0
80449  s  1.89274  0.099798  0.162286  20.6813  1.32998  -0.29123  20.6362  3.27003  -0.418676  0.339953  3.22352  D+  16.5808  -0.850411  0.21291  16.4518  0  0  0  0  0  0  0  0  0  0  0  0  0  0  0  0  0  0
80854  s  0.582344  0.00486951  0.0371751  2.69859  -0.111769  -0.00828894  2.69419  5.16204  -0.25057  -0.294022  5.14648  D+  32.6914  0.500568  -0.208319  32.6333  0  0  0  0  0  0  0  0  0  0  0  0  0  0  0  0  0  0
81226  s  1.2524  0.0296823  0.0722353  11.6507  -0.569105  -0.356172  11.6308  3.9887  0.0450712  0.235071  3.98011  D_s+  17.4432  0.287846  0.725962  17.3142  0  0  0  0  0  0  0  0  0  0  0  0  0  0  0  0  0  0
81306  s  0.375273  0.00355551  0.0603582  18.7034  0.154225  -0.190931  18.7015  1.84124  0.162831  0.20702  1.81924  D+  16.7029  -0.070746  1.41316  16.5375  0  0  0  0  0  0  0  0  0  0  0  0  0  0  0  0  0  0
81639  s  0.38501  0.00243489  0.0393925  7.36884  -0.131311  0.0330658  7.36684  6.78452  0.0918685  0.36441  6.77328  D+  22.2357  0.922811  0.862861  22.1209  0  0  0  0  0  0  0  0  0  0  0  0  0  0  0  0  0  0
81683  s  4.81226  0.400549  0.437401  9.00132  2.25848  0.204921  8.71033  7.46446  -0.670451  -0.187219  7.43118  D0  27.0902  -2.20447  0.330011  26.9338  0  0  0  0  0  0  0  0  0  0  0  0  0  0  0  0  0  0
81695  s  1.78882  0.092165  0.1568  21.3092  -1.27249  -0.294489  21.2689  0.67124  0.0481058  -0.00840146  0.661071  D+  14.0881  0.438361  0.499855  13.9477  0  0  0  0  0  0  0  0  0  0  0  0  0  0  0  0  0  0
81704  s  1.16801  0.0311707  0.0825485  16.4874  -0.302409  0.683161  16.4701  6.65557  0.280442  0.324716  6.64089  Lambda_c+  21.6097  0.672622  -1.14644  21.4473  0  0  0  0  0  0  0  0  0  0  0  0  0  0  0  0  0  0
82045  s  2.16265  0.0696592  0.103085  4.03121  0.223142  0.640548  3.97233  7.89266  0.121295  -0.31041  7.88492  D0  24.6308  -0.187552  0.609529  24.5518  0  0  0  0  0  0  0  0  0  0  0  0  0  0  0  0  0  0
82242  s  1.24852  0.0551764  0.134731  24.7559  0.249654  0.949937  24.7362  2.83574  -0.329844  -0.532818  2.76362  D+  10.4647  -1.0562  -1.96729  10.0513  0  0  0  0  0  0  0  0  0  0  0  0  0  0  0  0  0  0
82252  d  3.19709  0.289069  0.288086  16.9008  0.925298  -1.28836  16.8258  2.61382  -0.401147  -0.205483  2.5725  mu-  2.43256  -0.388103  -0.0999958  2.39699  6.33609  -0.644221  -0.658096  6.26792  mu+  5.75594  -0.607815  -0.422922  5.70713  0  0  0  0  0  0  0  0  0
82262  s  1.84538  0.105359  0.174753  23.8016  0.470726  1.52945  23.7475  0.683213  -0.0659286  -0.056478  0.669388  D0  4.81415  -0.627306  0.0821618  4.39295  0  0  0  0  0  0  0  0  0  0  0  0  0  0  0  0  0  0
82291  s  2.14345  0.0949052  0.141225  9.80074  0.114321  1.07744  9.74009  2.23767  0.0733518  -0.517317  2.17324  D+  26.1503  -0.13864  -1.40578  26.0451  0  0  0  0  0  0  0  0  0  0  0  0  0  0  0  0  0  0
82489  s  4.43432  0.309133  0.343255  5.91466  1.33769  -1.03023  5.66756  15.5404  -0.224957  0.0693634  15.5383  D+  26.4825  -1.40334  -0.23323  26.3781  0  0  0  0  0  0  0  0  0  0  0  0  0  0  0  0  0  0
82963  s  0.865664  0.0175321  0.0701578  17.0257  0.325266  0.45628  17.0161  2.35199  -0.102503  -0.14277  2.34304  D0  14.1632  0.463  -0.256589  14.0299  0  0  0  0  0  0  0  0  0  0  0  0  0  0  0  0  0  0
83450  s  2.3692  0.173838  0.243022  23.8905  -0.96782  1.67202  23.812  1.24017  -0.336367  -0.374134  1.1286  D0  10.9747  -0.177426  -1.22661  10.7439  0  0  0  0  0  0  0  0  0  0  0  0  0  0  0  0  0  0
83518  s  1.44231  0.0296491  0.0616957  2.42131  -0.0333024  0.337993  2.39504  7.05526  -0.516891  0.356508  7.02647  D0  27.3213  0.109506  -0.477593  27.2532  0  0  0  0  0  0  0  0  0  0  0  0  0  0  0  0  0  0
84060  s  0.624541  0.00716719  0.0485067  10.8097  -0.150987  -0.273777  10.8046  4.04326  -0.460913  0.438896  3.99145  D+  25.8435  -0.0699802  1.02019  25.7555  0  0  0  0  0  0  0  0  0  0  0  0  0  0  0  0  0  0
84225  s  1.2274  0.026724  0.0666158  10.5104  -0.534317  0.449673  10.4867  3.31264  0.393232  -0.124086  3.28517  D+  13.7926  -0.741624  -0.305684  13.6417  0  0  0  0  0  0  0  0  0  0  0  0  0  0  0  0  0  0
84526  d  5.47918  0.476499  0.473838  6.23622  -1.90882  -0.952603  5.85903  4.62177  0.265005  0.0513268  4.61267  omega  11.0067  0.966593  -0.0110378  10.9357  1.92088  -0.00427577  -0.0518494  1.91727  omega  11.0067  0.966593  -0.0110378  10.9357  0  0  0  0  0  0  0  0  0
84561  s  0.869148  0.0103953  0.0413525  1.08581  0.00975233  0.0977553  1.07618  0.643566  0.200078  -0.0610381  0.59938  D0  22.6893  0.250301  0.0124646  22.6112  0  0  0  0  0  0  0  0  0  0  0  0  0  0  0  0  0  0
84760  s  1.76088  0.147259  0.253674  28.59  1.06139  1.04668  28.5509  2.94736  -0.248828  -0.317893  2.91767  Lambda_c+  10.2795  -1.41221  -0.760869  9.89272  0  0  0  0  0  0  0  0  0  0  0  0  0  0  0  0  0  0
85777  s  2.34427  0.172721  0.242941  14.1143  0.592853  1.47416  14.0241  5.47062  -0.423996  0.00337567  5.45314  D0  10.1095  -0.294174  -0.67015  9.90904  0  0  0  0  0  0  0  0  0  0  0  0  0  0  0  0  0  0
86010  s  1.36062  0.0274255  0.0607377  2.24117  -0.279685  0.140709  2.21667  5.02707  -0.386932  -0.0033298  5.01104  D+  33.9362  -1.07861  0.0993232  33.8673  0  0  0  0  0  0  0  0  0  0  0  0  0  0  0  0  0  0
86049  cbar  2.56847  0.174202  0.173844  10.9758  1.51783  0.225192  10.8675  1.30085  0.453337  0.134574  1.20724  Lambda_c+  7.91004  -0.0805162  1.09263  7.4927  0  0  0  0  0  0  0  0  0  0  0  0  0  0  0  0  0  0
86237  s  1.76007  0.054826  0.0945852  11.2306  0.357795  0.97692  11.1818  2.02413  0.386604  -0.22644  1.97109  D0  14.8401  0.23778  -0.0313329  14.7205  0  0  0  0  0  0  0  0  0  0  0  0  0  0  0  0  0  0
86255  s  1.33509  0.0265735  0.0600983  4.06591  0.369662  0.186717  4.04338  0.960275  -0.0167986  0.0708552  0.951662  D+  32.0651  -0.0931696  0.164388  32.01  0  0  0  0  0  0  0  0  0  0  0  0  0  0  0  0  0  0
86416  s  1.35712  0.0492519  0.109356  18.8866  0.911007  -0.344362  18.8612  1.13187  -0.238355  -0.379011  1.03417  D+  7.53422  -0.0026308  -0.871915  7.24629  0  0  0  0  0  0  0  0  0  0  0  0  0  0  0  0  0  0
86688  s  0.907715  0.0116798  0.0435683  2.21774  -0.174146  -0.0701472  2.20725  1.20582  0.0268535  0.0912185  1.19741  D+  25.6978  1.13473  0.694926  25.5951  0  0  0  0  0  0  0  0  0  0  0  0  0  0  0  0  0  0
87277  cbar  1.87836  0.212161  0.21163  27.2073  1.09679  1.35287  27.1513  2.01482  0.158639  -0.897243  1.79392  D+  4.44831  -0.378815  -0.609852  3.97197  0  0  0  0  0  0  0  0  0  0  0  0  0  0  0  0  0  0
87465  s  1.75451  0.0427265  0.0739187  1.41725  -0.224012  -0.217102  1.37844  5.99833  -0.521155  -0.0983782  5.9739  D0  20.9326  -0.9259  0.124059  20.8284  0  0  0  0  0  0  0  0  0  0  0  0  0  0  0  0  0  0
87663  s  1.48374  0.0333251  0.0673579  2.24033  -0.0299146  -0.373261  2.20628  9.3579  0.492376  0.372978  9.3369  D+  16.7894  0.579302  -0.0135186  16.6749  0  0  0  0  0  0  0  0  0  0  0  0  0  0  0  0  0  0
88707  s  1.35691  0.0253276  0.0562618  1.07186  -0.168209  0.0993636  1.04859  5.85776  0.00077187  -0.149456  5.8549  D+  30.9407  -0.89631  -0.0709718  30.8711  0  0  0  0  0  0  0  0  0  0  0  0  0  0  0  0  0  0
88766  s  1.92335  0.0848906  0.136387  16.5889  1.05754  0.643719  16.5423  3.01914  0.213455  0.0921838  3.00832  Lambda_c+  19.0626  -0.229002  -1.01021  18.8966  0  0  0  0  0  0  0  0  0  0  0  0  0  0  0  0  0  0
89373  s  1.1734  0.0189543  0.0499173  1.10072  0.156564  0.0489584  1.08329  5.1053  0.162546  -0.543592  5.07257  D+  21.2865  0.547348  0.0866528  21.1969  0  0  0  0  0  0  0  0  0  0  0  0  0  0  0  0  0  0
90069  s  1.0251  0.0205654  0.0645837  12.5816  -0.503693  0.265663  12.5682  1.85417  0.00806574  0.0995748  1.84845  D+  12.9797  -0.332045  -0.670409  12.8226  0  0  0  0  0  0  0  0  0  0  0  0  0  0  0  0  0  0
90465  s  2.56507  0.15676  0.209978  17.4439  1.69396  0.0190327  17.3611  9.67186  -0.531399  -0.101215  9.65614  D+  17.7869  -0.792572  0.876401  17.6488  0  0  0  0  0  0  0  0  0  0  0  0  0  0  0  0  0  0
90524  s  1.21904  0.0471174  0.11839  23.0035  -0.900336  -0.207376  22.9847  2.33095  0.211722  0.00757504  2.3189  Lambda_c+  16.1508  0.132798  0.0356189  15.9875  0  0  0  0  0  0  0  0  0  0  0  0  0  0  0  0  0  0
90596  s  2.07988  0.0677761  0.102946  5.798  0.491854  0.612859  5.74353  6.89839  0.438922  -0.255596  6.87885  D0  28.1615  0.173063  -0.72144  28.0899  0  0  0  0  0  0  0  0  0  0  0  0  0  0  0  0  0  0
90903  s  0.555856  0.00632841  0.0524086  13.7929  0.271034  -0.162101  13.7889  17.865  -0.466747  0.209208  17.8574  D+  22.5584  -0.560966  0.517391  22.4678  0  0  0  0  0  0  0  0  0  0  0  0  0  0  0  0  0  0
91030  s  1.88523  0.0699247  0.114098  12.725  -0.369913  -0.994782  12.6803  6.01302  0.0621064  -0.0444093  6.0116  D_s+  20.0779  0.490023  0.901112  19.9548  0  0  0  0  0  0  0  0  0  0  0  0  0  0  0  0  0  0
91139  s  0.442866  0.0029281  0.0365179  4.1115  0.0630482  0.0787146  4.10891  1.07614  0.12479  0.04437  1.06272  D0  30.1038  -0.373383  -0.691487  30.0357  0  0  0  0  0  0  0  0  0  0  0  0  0  0  0  0  0  0
91868  d  2.10759  0.0704978  0.0704392  6.23412  -0.791773  -0.236917  6.17819  8.1679  0.163832  0.362281  8.15753  omega  23.6096  0.592952  0.564713  23.5828  9.06271  0.2684  0.34793  9.05143  omega  23.6096  0.592952  0.564713  23.5828  0  0  0  0  0  0  0  0  0
92191  s  0.811837  0.0152541  0.0673171  11.894  0.500591  0.0535986  11.8828  0.523743  0.26767  -0.18122  0.398315  D+  9.55275  0.0591284  -0.3444  9.36149  0  0  0  0  0  0  0  0  0  0  0  0  0  0  0  0  0  0
92434  s  0.70396  0.0101064  0.055986  13.6807  -0.272476  -0.2978  13.6743  5.63417  0.631206  -0.100553  5.5968  D+  18.6105  0.978142  0.134204  18.49  0  0  0  0  0  0  0  0  0  0  0  0  0  0  0  0  0  0
92625  s  1.28423  0.0342334  0.0809039  14.1378  0.438335  -0.621221  14.117  1.00545  0.142571  0.072777  0.986987  D+  23.7704  -0.237645  0.274354  23.694  0  0  0  0  0  0  0  0  0  0  0  0  0  0  0  0  0  0
92953  s  0.589386  0.00627371  0.0469058  10.3043  0.0591826  0.279491  10.2998  5.89574  -0.383292  0.258333  5.87665  D+  20.4827  -0.0744418  -0.0257309  20.3971  0  0  0  0  0  0  0  0  0  0  0  0  0  0  0  0  0  0
93542  s  1.43538  0.032761  0.0685113  6.29716  -0.558748  0.0601965  6.27114  7.16597  -0.0430716  0.266109  7.16012  Lambda_c+  30.0559  -0.000922913  -0.0862672  29.9686  0  0  0  0  0  0  0  0  0  0  0  0  0  0  0  0  0  0
94477  s  3.2089  0.280578  0.340759  19.8894  2.36006  -0.407082  19.7444  6.58551  -0.229279  -0.354287  6.57113  D+  10.6579  -0.0159586  0.546321  10.4784  0  0  0  0  0  0  0  0  0  0  0  0  0  0  0  0  0  0
94774  s  0.610465  0.00596009  0.0419414  6.4903  -0.186194  -0.129307  6.48548  2.62782  0.143343  -0.336352  2.60011  D0  23.4678  -0.0305018  -0.211597  23.3926  0  0  0  0  0  0  0  0  0  0  0  0  0  0  0  0  0  0
94993  d  3.38243  0.364954  0.36339  23.6038  -2.32421  -0.800327  23.4752  1.8698  0.348657  0.0410391  1.8335  eta  6.94852  1.12137  0.305427  6.82869  2.28308  0.452177  0.277906  2.21802  eta  6.94852  1.12137  0.305427  6.82869  0  0  0  0  0  0  0  0  0
95036  s  2.07857  0.0940115  0.142812  15.3206  -1.24948  0.302726  15.2662  6.76435  -0.0228673  -0.648107  6.73236  D+  21.5536  1.96543  -0.806863  21.367  0  0  0  0  0  0  0  0  0  0  0  0  0  0  0  0  0  0
95083  s  1.3063  0.0351683  0.0815054  13.9539  0.365586  -0.675825  13.9323  3.82685  -0.214863  0.0472331  3.81906  D+  13.2615  -0.021596  -0.33448  13.1247  0  0  0  0  0  0  0  0  0  0  0  0  0  0  0  0  0  0
96017  s  1.98298  0.0691332  0.108602  9.50021  -0.447887  0.852532  9.45069  9.65689  -0.110571  -0.207008  9.65346  D+  19.704  0.126801  -1.00688  19.5888  0  0  0  0  0  0  0  0  0  0  0  0  0  0  0  0  0  0
96165  s  2.67003  0.120882  0.158807  8.38313  1.17202  -0.332732  8.29346  5.81827  -0.446098  0.376632  5.78794  Lambda_c+  30.3341  -0.782008  0.0451969  30.2376  0  0  0  0  0  0  0  0  0  0  0  0  0  0  0  0  0  0
96630  s  1.02916  0.0336479  0.105084  23.0362  -0.315945  0.712865  23.0228  0.970984  -0.00876354  -0.143134  0.954506  D0  9.7629  -0.135235  -0.0459097  9.58208  0  0  0  0  0  0  0  0  0  0  0  0  0  0  0  0  0  0
97043  s  0.616411  0.00552035  0.0382073  3.13187  0.0989366  -0.0989591  3.12695  5.41197  0.0170387  0.379793  5.39757  D+  24.9895  0.158949  0.288698  24.9173  0  0  0  0  0  0  0  0  0  0  0  0  0  0  0  0  0  0
97175  s  0.710047  0.00787172  0.0429977  5.68001  -0.142078  0.205263  5.67354  5.59453  0.293382  -0.689475  5.54312  D_s+  27.9915  -0.162502  -0.995875  27.904  0  0  0  0  0  0  0  0  0  0  0  0  0  0  0  0  0  0
97330  d  2.49704  0.205128  0.204633  23.6125  -1.60615  1.05253  23.534  3.973  0.0253731  0.284261  3.96133  omega  6.61629  -0.0287182  -0.124004  6.5702  2.64329  -0.0540914  -0.408265  2.60887  omega  6.61629  -0.0287182  -0.124004  6.5702  0  0  0  0  0  0  0  0  0
97937  d  2.3003  0.0890816  0.088988  8.15713  1.02106  0.168307  8.09053  0.987038  -0.0158212  -0.000117716  0.981239  Lambda0  7.04128  -0.34539  0.289097  6.93773  0  0  0  0  0  0  0  0  0  0  0  0  0  0  0  0  0  0
