623  s  0.736406  0.0193919  0.0998034  5.04004  0.341382  0.109065  5.02617  5.14439  -0.371524  0.104221  5.12882  D0  12.0115  0.16778  -0.670983  11.8456  0  0  0  0  0  0  0  0  0  0  0  0  0  0  0  0  0  0
912  s  0.845927  0.0200962  0.0832437  0.977113  -0.150038  -0.0397856  0.958901  1.82602  -0.137422  0.572337  1.72532  D0  11.1092  0.357288  0.305708  10.9415  0  0  0  0  0  0  0  0  0  0  0  0  0  0  0  0  0  0
1367  s  1.17046  0.0643673  0.169823  8.61064  -0.755925  0.110694  8.57603  0.292961  0.0338284  0.0132657  0.270817  D+  7.31409  0.769447  -0.313455  7.02211  0  0  0  0  0  0  0  0  0  0  0  0  0  0  0  0  0  0
1877  s  1.18599  0.0477571  0.124011  5.93728  0.59795  0.421985  5.89105  2.78886  0.612211  0.140876  2.71513  D+  9.05067  0.888867  0.153225  8.8094  0  0  0  0  0  0  0  0  0  0  0  0  0  0  0  0  0  0
2390  s  1.28222  0.0679989  0.1608  7.06827  -0.641787  0.401996  7.02679  1.15191  0.348468  0.262389  1.06088  Lambda_c+  11.3662  0.495729  -0.216541  11.1207  0  0  0  0  0  0  0  0  0  0  0  0  0  0  0  0  0  0
3235  s  1.17363  0.0425259  0.111879  2.19901  -0.27161  0.401774  2.14227  2.14458  -0.430896  0.341015  2.07028  D0  8.77244  -0.263247  -0.299769  8.56264  0  0  0  0  0  0  0  0  0  0  0  0  0  0  0  0  0  0
4128  s  1.04058  0.0373092  0.114733  4.48605  0.467231  0.125482  4.45864  2.99093  -0.0341142  -0.0482707  2.98848  D0  11.4596  -0.927384  -0.302535  11.2646  0  0  0  0  0  0  0  0  0  0  0  0  0  0  0  0  0  0
4849  s  0.949216  0.0269483  0.0941829  2.13539  0.181189  0.230451  2.11253  0.653543  -0.0823557  -0.103646  0.631213  D+  13.7957  0.155361  -0.917635  13.6367  0  0  0  0  0  0  0  0  0  0  0  0  0  0  0  0  0  0
5014  s  1.38167  0.0610902  0.1329  3.30013  -0.32763  0.443592  3.25201  0.261009  0.0877842  -0.0161365  0.221349  D0  12.053  -0.155134  0.255156  11.9041  0  0  0  0  0  0  0  0  0  0  0  0  0  0  0  0  0  0
5045  s  0.652883  0.0120733  0.07578  1.13834  -0.0895526  -0.0751799  1.12738  1.16281  0.174413  0.229397  1.12157  D+  12.0084  0.190969  -0.114596  11.8599  0  0  0  0  0  0  0  0  0  0  0  0  0  0  0  0  0  0
6066  s  0.552422  0.0145374  0.121678  8.76608  -0.35685  -0.0202721  8.75816  0.421031  -0.306823  -0.0143447  0.267874  D+  7.95671  -0.486517  0.167995  7.71679  0  0  0  0  0  0  0  0  0  0  0  0  0  0  0  0  0  0
6175  s  1.17206  0.0473877  0.124863  4.5046  0.398427  0.376225  4.4699  4.64529  0.190202  0.0996459  4.63912  D+  9.53998  0.193862  0.0750346  9.35268  0  0  0  0  0  0  0  0  0  0  0  0  0  0  0  0  0  0
7531  s  2.45115  0.195538  0.267533  3.57883  0.482574  0.90159  3.42799  0.755959  -0.0011584  0.148883  0.733581  D0  11.625  -1.27161  -0.193704  11.4021  0  0  0  0  0  0  0  0  0  0  0  0  0  0  0  0  0  0
7873  s  0.786236  0.0210054  0.0974118  4.27011  0.263882  0.231599  4.25433  0.914134  0.364085  0.192085  0.809334  Lambda_c+  13.1332  0.0521169  -0.512881  12.9224  0  0  0  0  0  0  0  0  0  0  0  0  0  0  0  0  0  0
7968  s  1.29629  0.051508  0.12033  3.14941  -0.0831691  0.55741  3.09677  3.15857  -0.266831  -0.427503  3.11632  D0  13.3461  0.576032  0.214302  13.2009  0  0  0  0  0  0  0  0  0  0  0  0  0  0  0  0  0  0
9190  s  2.32236  0.164422  0.232116  1.7808  -0.0473373  -0.746861  1.61246  4.07949  0.00284125  -0.500611  4.04728  Lambda_c+  12.2848  0.374462  0.484534  12.0546  0  0  0  0  0  0  0  0  0  0  0  0  0  0  0  0  0  0
9703  s  1.17875  0.0376669  0.0985742  0.295161  0.0552664  -0.0725898  0.260063  1.98265  -0.083814  -0.374481  1.94228  D0  16.8584  -0.434629  -0.0251302  16.7493  0  0  0  0  0  0  0  0  0  0  0  0  0  0  0  0  0  0
10247  s  1.12938  0.0379002  0.104663  1.97747  -0.373449  0.00438066  1.93901  3.45124  -0.11351  -0.177575  3.44318  Lambda_c+  11.7466  0.0888715  0.036816  11.5215  0  0  0  0  0  0  0  0  0  0  0  0  0  0  0  0  0  0
10388  s  0.930544  0.0245382  0.0882472  1.14769  0.15052  -0.12707  1.12571  2.0672  0.334477  -0.273602  2.01876  D0  13.7202  0.0668074  -0.0336439  13.5927  0  0  0  0  0  0  0  0  0  0  0  0  0  0  0  0  0  0
11368  s  0.716115  0.0315165  0.169667  11.2816  -0.200052  -0.494888  11.2685  0.916847  -0.3318  0.451941  0.717707  D0  6.92864  0.315176  0.704741  6.62815  0  0  0  0  0  0  0  0  0  0  0  0  0  0  0  0  0  0
13472  s  1.80009  0.139294  0.235242  4.30139  -0.748376  -0.508562  4.20381  1.50553  0.0339543  -0.347921  1.46057  D0  10.0749  1.91224  0.344242  9.70826  0  0  0  0  0  0  0  0  0  0  0  0  0  0  0  0  0  0
13473  s  3.29061  0.347177  0.415919  3.33216  -1.14455  -0.644403  3.06054  1.91493  0.0406355  0.00866549  1.91156  Lambda_c+  12.087  -0.115771  0.998293  11.8261  0  0  0  0  0  0  0  0  0  0  0  0  0  0  0  0  0  0
13961  s  0.88476  0.0324155  0.12549  7.08378  0.337562  0.395441  7.06388  6.11988  0.349206  0.243865  6.10413  D+  8.67777  0.00495185  0.456657  8.46166  0  0  0  0  0  0  0  0  0  0  0  0  0  0  0  0  0  0
15291  s  1.72319  0.0920507  0.16145  2.76252  -0.531211  0.337251  2.68783  1.59935  -0.19511  0.361628  1.54205  D+  14.9475  0.382718  -0.0810904  14.8249  0  0  0  0  0  0  0  0  0  0  0  0  0  0  0  0  0  0
15947  s  1.08614  0.0331867  0.0964068  0.982712  -0.278067  -0.0567469  0.934889  0.383028  0.0765187  -0.00123011  0.360125  Lambda_c+  13.9087  -0.0114724  0.498668  13.7104  0  0  0  0  0  0  0  0  0  0  0  0  0  0  0  0  0  0
18136  s  1.64328  0.107287  0.196183  6.53989  0.553686  0.752602  6.47194  4.52186  -0.347259  0.381834  4.49106  D+  10.9746  -0.512256  0.0483539  10.8019  0  0  0  0  0  0  0  0  0  0  0  0  0  0  0  0  0  0
18194  s  1.14005  0.0467978  0.12767  5.15254  0.567567  -0.0643787  5.11969  2.56923  0.592153  0.0373652  2.49754  D+  8.26027  0.301843  -0.104644  8.03956  0  0  0  0  0  0  0  0  0  0  0  0  0  0  0  0  0  0
19020  s  1.33072  0.0554497  0.125739  0.589568  0.23289  -0.0495671  0.528897  4.05349  -0.0350745  0.731175  3.98544  D0  11.1359  -0.457082  0.394526  10.962  0  0  0  0  0  0  0  0  0  0  0  0  0  0  0  0  0  0
19684  s  1.41483  0.0634639  0.134597  5.62194  -0.453975  0.696003  5.55919  1.81092  -0.367304  -0.329589  1.73917  D0  10.4152  -0.485831  0.256355  10.2321  0  0  0  0  0  0  0  0  0  0  0  0  0  0  0  0  0  0
21265  s  1.14307  0.0361174  0.0982277  0.674184  -0.153508  -0.0933137  0.641161  6.39093  -0.235546  0.0791856  6.38522  D0  12.1147  0.0392281  0.196979  11.9687  0  0  0  0  0  0  0  0  0  0  0  0  0  0  0  0  0  0
23475  s  0.897654  0.0244123  0.0925254  2.36327  0.244927  -0.158714  2.3428  0.936804  -0.297476  -0.213628  0.855751  D+  13.5481  -0.614398  -0.755607  13.383  0  0  0  0  0  0  0  0  0  0  0  0  0  0  0  0  0  0
24474  s  1.8622  0.119432  0.19637  4.47979  -0.306366  -0.8176  4.39261  0.160372  -0.0706168  0.0684819  0.0698473  D+  10.0984  -1.21651  -0.184437  9.84725  0  0  0  0  0  0  0  0  0  0  0  0  0  0  0  0  0  0
26130  s  1.53296  0.106869  0.208665  8.23467  -0.440648  0.875003  8.1755  1.57811  0.0593788  -0.295537  1.54545  D+  9.23371  -0.201477  -0.516809  9.02543  0  0  0  0  0  0  0  0  0  0  0  0  0  0  0  0  0  0
27338  s  1.58909  0.173078  0.32596  10.2001  0.753358  -1.00466  10.122  2.37545  -0.692662  0.497228  2.21463  Lambda_c+  5.66064  -1.31526  0.424838  4.99045  0  0  0  0  0  0  0  0  0  0  0  0  0  0  0  0  0  0
28367  s  0.553934  0.0100316  0.0835704  3.65266  -0.204344  -0.0723325  3.64469  6.03083  0.341131  -0.343059  6.01046  Lambda_c+  15.2995  -0.0432203  -0.363579  15.1233  0  0  0  0  0  0  0  0  0  0  0  0  0  0  0  0  0  0
31283  s  0.930351  0.0237967  0.0856075  0.939039  0.155477  -0.185755  0.901084  0.791652  0.00481824  0.200186  0.758585  D+  12.6885  0.113967  -0.369709  12.5441  0  0  0  0  0  0  0  0  0  0  0  0  0  0  0  0  0  0
32089  s  1.44597  0.0752875  0.156029  5.15348  -0.575272  -0.445016  5.10081  0.399284  0.26002  0.0262919  0.282776  D+  13.3565  0.416912  0.00673944  13.2185  0  0  0  0  0  0  0  0  0  0  0  0  0  0  0  0  0  0
32900  s  3.19338  0.294725  0.357275  1.50816  0.798176  0.232832  1.25383  1.71795  -0.227695  -0.13536  1.69411  D+  13.5317  -0.859452  -0.528557  13.3639  0  0  0  0  0  0  0  0  0  0  0  0  0  0  0  0  0  0
33246  s  1.19208  0.0751047  0.193676  9.86978  -0.806682  0.21277  9.83389  1.20197  0.434634  -0.104573  1.11073  D+  7.38012  0.891225  -0.234286  7.07966  0  0  0  0  0  0  0  0  0  0  0  0  0  0  0  0  0  0
33566  s  1.12212  0.0487454  0.135692  6.18732  0.509373  0.349697  6.15549  0.474068  0.269842  -0.128513  0.352485  D0  9.636  0.282413  0.336255  9.44362  0  0  0  0  0  0  0  0  0  0  0  0  0  0  0  0  0  0
34017  s  1.00844  0.0836516  0.268198  11.8557  0.67962  0.405273  11.8288  3.0749  -0.0704647  -0.180558  3.06697  D+  6.35501  -0.0387252  -0.71995  6.03082  0  0  0  0  0  0  0  0  0  0  0  0  0  0  0  0  0  0
34083  s  0.699116  0.0249131  0.139516  9.49792  0.45984  0.123303  9.48539  0.555414  0.173584  -0.185869  0.482329  D+  7.62864  -0.432545  0.469762  7.36837  0  0  0  0  0  0  0  0  0  0  0  0  0  0  0  0  0  0
34938  s  1.20538  0.0497365  0.126608  4.3853  0.0960044  -0.54778  4.34861  2.53289  0.603395  0.131669  2.45417  D+  13.6869  0.308856  0.145706  13.5543  0  0  0  0  0  0  0  0  0  0  0  0  0  0  0  0  0  0
35676  s  0.876249  0.0339852  0.133468  7.91321  -0.527577  0.138055  7.89368  1.1581  0.230679  0.503665  1.01151  D+  7.61722  0.119578  0.504418  7.36599  0  0  0  0  0  0  0  0  0  0  0  0  0  0  0  0  0  0
36232  s  1.31007  0.0825218  0.190333  5.16226  0.320497  -0.681243  5.10597  1.44449  0.140145  -0.152973  1.4256  D0  6.05431  -0.568868  0.766958  5.68024  0  0  0  0  0  0  0  0  0  0  0  0  0  0  0  0  0  0
36290  s  0.594115  0.0133612  0.098499  5.87471  -0.101344  -0.292739  5.86559  4.52176  0.248588  -0.646218  4.46719  D+  10.7237  0.597647  -0.619118  10.5243  0  0  0  0  0  0  0  0  0  0  0  0  0  0  0  0  0  0
37569  s  2.2149  0.141448  0.205637  1.47052  -0.344535  0.466187  1.3473  4.65277  0.206207  -0.329097  4.63533  D0  13.2803  0.502624  -1.02287  13.0992  0  0  0  0  0  0  0  0  0  0  0  0  0  0  0  0  0  0
37926  s  0.724164  0.017782  0.0940355  4.23687  -0.289473  0.136344  4.22345  5.04247  0.651453  -0.179202  4.99589  D+  9.87223  0.494794  -0.269027  9.6772  0  0  0  0  0  0  0  0  0  0  0  0  0  0  0  0  0  0
38262  s  0.955967  0.0272498  0.0942789  0.270668  0.0152435  0.0725415  0.237912  3.18383  -0.268523  0.114073  3.16867  D+  14.6607  -0.697495  -0.39844  14.5188  0  0  0  0  0  0  0  0  0  0  0  0  0  0  0  0  0  0
38382  s  1.26694  0.0448062  0.107499  0.862269  -0.0611461  0.230882  0.821766  0.996881  -0.445958  0.0899386  0.880704  Lambda_c+  17.9281  -0.708727  0.914124  17.7441  0  0  0  0  0  0  0  0  0  0  0  0  0  0  0  0  0  0
38689  s  0.629226  0.01132  0.0756293  1.31418  -0.0673832  0.104902  1.30398  4.18042  0.520229  -0.170401  4.14307  D+  15.9096  -0.111321  -0.881185  15.7744  0  0  0  0  0  0  0  0  0  0  0  0  0  0  0  0  0  0
38964  s  1.60536  0.0807393  0.15094  2.94266  -0.351383  -0.492845  2.8778  3.71064  -0.319392  0.157868  3.69198  D+  11.1022  0.222508  -0.427385  10.9331  0  0  0  0  0  0  0  0  0  0  0  0  0  0  0  0  0  0
39181  s  0.624977  0.0113415  0.0766522  1.59995  0.144722  0.00250588  1.58989  6.48825  0.116178  -0.0721111  6.48595  D+  12.2745  0.0184265  0.0797076  12.131  0  0  0  0  0  0  0  0  0  0  0  0  0  0  0  0  0  0
40072  s  0.694048  0.0241134  0.136666  9.30689  -0.0518722  -0.464617  9.29454  0.583723  0.20995  0.0945878  0.525874  Lambda_c+  9.82304  0.435444  0.496058  9.5304  0  0  0  0  0  0  0  0  0  0  0  0  0  0  0  0  0  0
40841  s  0.441128  0.00550108  0.069098  1.10212  9.59659e-05  0.0132229  1.09697  2.05241  0.234474  -0.102552  2.03365  D0  12.6264  0.0766211  -0.27792  12.4846  0  0  0  0  0  0  0  0  0  0  0  0  0  0  0  0  0  0
41066  s  1.0841  0.0430992  0.125482  5.42102  -0.554918  -0.0486664  5.39129  6.26561  0.832604  0.125582  6.20787  D+  12.3419  1.19896  0.0158445  12.1404  0  0  0  0  0  0  0  0  0  0  0  0  0  0  0  0  0  0
42509  s  1.02269  0.0673414  0.211872  11.6761  -0.312779  0.713362  11.6497  2.35613  -0.0652124  -0.402133  2.31824  Lambda_c+  7.07098  0.00401571  -0.1105  6.69019  0  0  0  0  0  0  0  0  0  0  0  0  0  0  0  0  0  0
43119  s  1.26745  0.0740782  0.177522  8.39645  0.650602  -0.494598  8.35591  0.892352  0.168336  0.0830128  0.865968  D+  7.69167  -0.372175  1.02054  7.38148  0  0  0  0  0  0  0  0  0  0  0  0  0  0  0  0  0  0
43787  s  1.07835  0.0460182  0.134913  6.48692  -0.605402  0.0560827  6.4575  2.48876  -0.439724  0.486321  2.39852  D+  8.22013  -0.410331  -0.10324  7.9935  0  0  0  0  0  0  0  0  0  0  0  0  0  0  0  0  0  0
44172  s  2.48452  0.210891  0.286339  4.35468  -1.04638  -0.468596  4.19971  3.28348  0.132693  -0.626706  3.21865  D0  9.4678  0.0852849  -0.530338  9.26677  0  0  0  0  0  0  0  0  0  0  0  0  0  0  0  0  0  0
45271  s  1.80264  0.205988  0.346929  11.546  -1.11815  0.786622  11.4643  2.89063  0.488708  -0.042879  2.84674  D+  6.41551  0.850268  -1.12402  5.97302  0  0  0  0  0  0  0  0  0  0  0  0  0  0  0  0  0  0
45325  s  1.47901  0.0604388  0.12243  0.665491  0.242229  0.0213967  0.610394  0.403938  0.103944  0.0040843  0.375741  D+  12.832  -0.155407  -0.277667  12.6911  0  0  0  0  0  0  0  0  0  0  0  0  0  0  0  0  0  0
45541  s  2.81195  0.230569  0.29458  1.90526  0.899439  -0.391087  1.63  1.79343  0.420022  -0.0235989  1.74018  D+  11.2474  -0.268336  1.23015  11.0192  0  0  0  0  0  0  0  0  0  0  0  0  0  0  0  0  0  0
46240  s  2.67197  0.256735  0.335617  5.13364  -0.837477  -1.04649  4.95445  1.23311  0.456086  -0.00380014  1.14077  D0  11.3157  0.70687  0.186455  11.137  0  0  0  0  0  0  0  0  0  0  0  0  0  0  0  0  0  0
47277  s  0.858572  0.0235597  0.0954178  3.27924  -0.319068  0.0983121  3.26049  3.91797  0.251944  -0.208437  3.90287  D+  13.5578  1.16616  -0.247401  13.3752  0  0  0  0  0  0  0  0  0  0  0  0  0  0  0  0  0  0
49087  s  2.25166  0.139112  0.200192  0.53111  0.146065  -0.294177  0.40378  5.30512  -0.165316  0.0339507  5.30138  D+  15.4573  -0.0170977  0.8306  15.3213  0  0  0  0  0  0  0  0  0  0  0  0  0  0  0  0  0  0
49215  s  2.32833  0.170979  0.240972  3.05649  0.860832  0.247853  2.92036  3.97539  -0.176767  -0.681591  3.9111  Lambda_c+  13.914  -1.3011  -0.872391  13.6351  0  0  0  0  0  0  0  0  0  0  0  0  0  0  0  0  0  0
49710  s  1.68556  0.179404  0.320127  10.9106  0.870313  0.99052  10.8301  0.620337  0.0518386  -0.00438117  0.609054  Lambda_c+  7.26996  -0.902315  -1.38721  6.6997  0  0  0  0  0  0  0  0  0  0  0  0  0  0  0  0  0  0
49898  s  3.80901  0.45672  0.521939  3.02234  0.320525  1.39858  2.65794  1.42536  -0.0657278  -0.0794269  1.4177  D+  10.5386  0.0515594  -0.0491598  10.3712  0  0  0  0  0  0  0  0  0  0  0  0  0  0  0  0  0  0
50158  s  1.54204  0.0853207  0.165719  5.10093  -0.0780281  -0.768067  5.04106  1.39405  -0.532957  -0.424723  1.21151  D+  8.70233  -1.40316  -0.217759  8.37966  0  0  0  0  0  0  0  0  0  0  0  0  0  0  0  0  0  0
50188  s  1.3343  0.0545056  0.12323  2.54622  -0.18956  0.423686  2.50132  3.13084  -0.232481  0.207367  3.11351  D0  13.6834  -0.339678  -0.123715  13.5509  0  0  0  0  0  0  0  0  0  0  0  0  0  0  0  0  0  0
50381  s  0.461149  0.00618208  0.0715796  1.89342  0.0471483  -0.100774  1.8872  4.86799  0.331926  0.0802275  4.85485  D+  11.8165  0.457006  0.757212  11.6341  0  0  0  0  0  0  0  0  0  0  0  0  0  0  0  0  0  0
50698  s  0.615545  0.0144182  0.100003  4.08251  -0.0123508  0.287091  4.07101  2.10328  -0.362555  -0.456939  2.01801  Lambda_c+  13.7214  0.330814  -0.556816  13.514  0  0  0  0  0  0  0  0  0  0  0  0  0  0  0  0  0  0
51033  s  0.874464  0.0365121  0.143819  8.79199  0.261996  -0.511557  8.77255  1.47068  0.555694  -0.11204  1.35291  D0  5.33602  0.294113  -0.571946  4.958  0  0  0  0  0  0  0  0  0  0  0  0  0  0  0  0  0  0
51391  s  0.696292  0.0148123  0.0835248  2.51048  -0.0684058  0.215425  2.49805  0.321209  0.0536682  0.0867994  0.285652  D0  14.4176  0.238528  -0.144613  14.2938  0  0  0  0  0  0  0  0  0  0  0  0  0  0  0  0  0  0
51902  s  1.43884  0.0664288  0.138408  3.50596  -0.0718063  -0.605467  3.45091  2.15041  0.266755  0.517575  2.06738  Lambda_c+  15.0585  -0.184939  1.11001  14.8413  0  0  0  0  0  0  0  0  0  0  0  0  0  0  0  0  0  0
52119  s  1.56375  0.0772536  0.148067  3.08491  0.590068  -0.129098  3.02335  0.271783  0.00621214  -0.105415  0.227049  D+  13.8108  -0.476083  -0.338395  13.6712  0  0  0  0  0  0  0  0  0  0  0  0  0  0  0  0  0  0
54874  s  1.09712  0.0353948  0.101472  1.83046  0.28925  -0.125273  1.80002  1.13973  0.312564  -0.15539  1.0798  D+  10.1537  0.247429  0.3445  9.97107  0  0  0  0  0  0  0  0  0  0  0  0  0  0  0  0  0  0
55236  s  1.52338  0.172899  0.339146  12.8  1.10208  0.516492  12.7416  1.32646  -0.731454  -0.344919  1.0461  Lambda_c+  5.12346  -0.886921  -0.239262  4.49201  0  0  0  0  0  0  0  0  0  0  0  0  0  0  0  0  0  0
55243  s  0.41711  0.00664856  0.0926152  6.00771  0.0941685  0.188928  6.00307  1.45549  0.514548  -0.157668  1.34821  D0  7.23762  0.453264  -0.539474  6.95765  0  0  0  0  0  0  0  0  0  0  0  0  0  0  0  0  0  0
55382  s  0.434057  0.00535185  0.0692563  1.19277  0.0221711  -0.0157993  1.18776  2.67659  -0.0920431  0.256451  2.66059  D0  13.7038  0.0286054  0.454901  13.5687  0  0  0  0  0  0  0  0  0  0  0  0  0  0  0  0  0  0
56728  s  0.962156  0.027696  0.094948  2.14054  -0.275336  -0.113961  2.11706  6.1634  0.196333  0.656411  6.12429  D0  15.3617  -0.335135  1.24571  15.1934  0  0  0  0  0  0  0  0  0  0  0  0  0  0  0  0  0  0
56764  s  1.2416  0.045177  0.110997  1.76876  0.335039  0.112771  1.72985  1.60456  0.0321313  0.334466  1.56543  D+  13.5787  0.206356  0.830296  13.4221  0  0  0  0  0  0  0  0  0  0  0  0  0  0  0  0  0  0
57028  s  2.06537  0.129143  0.196661  2.34131  0.223306  0.658085  2.2333  4.20061  -0.193282  -0.466771  4.16878  D0  12.3731  0.409026  -1.09087  12.1761  0  0  0  0  0  0  0  0  0  0  0  0  0  0  0  0  0  0
57080  s  0.635079  0.012929  0.0850286  3.3288  0.17837  0.161443  3.31841  0.317677  0.137557  0.0778833  0.254493  Lambda_c+  15.3255  0.701869  -0.612676  15.1253  0  0  0  0  0  0  0  0  0  0  0  0  0  0  0  0  0  0
57726  d  0.96532  0.0721868  0.0720631  13.0736  0.0654927  -0.775807  13.05  0.560559  0.0809404  -0.0355073  0.543369  Lambda0  4.92981  0.209418  0.604028  4.75916  0  0  0  0  0  0  0  0  0  0  0  0  0  0  0  0  0  0
58652  s  1.42416  0.0942312  0.198323  8.32892  0.309255  -0.848188  8.27917  0.763948  -0.442652  -0.238834  0.565217  D+  8.39981  -0.694634  0.0259018  8.15954  0  0  0  0  0  0  0  0  0  0  0  0  0  0  0  0  0  0
59324  s  0.890833  0.0216681  0.0830594  0.435613  -0.0709247  -0.031121  0.415447  1.29857  0.236814  -0.255391  1.24652  D_s+  16.8833  -0.345532  -0.00642311  16.7646  0  0  0  0  0  0  0  0  0  0  0  0  0  0  0  0  0  0
59613  s  1.21228  0.0413791  0.104628  1.0264  0.140634  0.209417  0.989294  2.39477  0.143223  0.287814  2.37074  D+  14.0085  0.11352  -0.444711  13.8755  0  0  0  0  0  0  0  0  0  0  0  0  0  0  0  0  0  0
61518  s  0.946808  0.0319795  0.11216  1.84679  0.25987  -0.189128  1.81553  3.10026  -0.340721  0.321046  3.06289  D+  10.7928  -0.787366  0.201004  10.5985  0  0  0  0  0  0  0  0  0  0  0  0  0  0  0  0  0  0
62262  s  2.27879  0.159782  0.228154  2.63366  -0.615027  0.529606  2.50325  0.704954  -0.0281874  0.313846  0.621693  D+  14.2386  1.02376  0.341078  14.0741  0  0  0  0  0  0  0  0  0  0  0  0  0  0  0  0  0  0
63606  s  0.46864  0.00670768  0.0754141  2.50454  0.128933  -0.0338872  2.49876  6.01616  0.337615  0.102519  6.00487  D0  11.713  0.0935312  0.105254  11.5628  0  0  0  0  0  0  0  0  0  0  0  0  0  0  0  0  0  0
65051  s  1.46231  0.072954  0.14946  3.00519  0.635689  -0.4314  2.90341  0.778126  -0.138807  -0.059719  0.755964  D0  7.58206  -0.443658  0.121794  7.33473  0  0  0  0  0  0  0  0  0  0  0  0  0  0  0  0  0  0
66341  s  0.800912  0.022345  0.100669  4.65478  -0.00579931  -0.375215  4.63843  3.81564  0.172775  -0.00407324  3.81026  D+  8.81713  -0.775987  -0.643278  8.55747  0  0  0  0  0  0  0  0  0  0  0  0  0  0  0  0  0  0
66721  s  2.03914  0.112133  0.172354  0.191894  0.129049  0.0369358  0.0874149  4.76914  0.30859  -0.118674  4.75649  D+  12.1717  0.134518  0.266374  12.0236  0  0  0  0  0  0  0  0  0  0  0  0  0  0  0  0  0  0
66913  s  0.537618  0.00807137  0.0708896  0.869848  0.0153424  0.0403892  0.862325  5.30994  -0.431054  0.261027  5.28492  Lambda_c+  16.0731  -0.275743  -0.0178045  15.9072  0  0  0  0  0  0  0  0  0  0  0  0  0  0  0  0  0  0
68005  s  0.703493  0.0137387  0.0761745  0.552299  0.0107583  -0.0690793  0.537571  4.43719  -0.112062  0.201855  4.42992  D+  12.8296  0.823119  -0.137852  12.6652  0  0  0  0  0  0  0  0  0  0  0  0  0  0  0  0  0  0
68042  s  0.742063  0.0153385  0.0779834  0.871131  0.050119  0.117151  0.85526  4.17664  -0.99253  0.140018  4.0532  D0  13.6277  -0.998844  -0.0739428  13.4623  0  0  0  0  0  0  0  0  0  0  0  0  0  0  0  0  0  0
68224  s  1.39215  0.0836613  0.18043  7.60764  0.731289  0.441462  7.55879  2.31643  -0.0494591  0.00531466  2.31348  D0  8.35603  -0.426499  0.506162  8.11834  0  0  0  0  0  0  0  0  0  0  0  0  0  0  0  0  0  0
68559  s  0.471809  0.0062612  0.0695364  1.00669  0.022403  -0.00970693  1.00083  3.28122  0.534843  0.187826  3.23016  D+  17.0876  0.851794  -0.3199  16.9606  0  0  0  0  0  0  0  0  0  0  0  0  0  0  0  0  0  0
69770  s  2.34476  0.149689  0.210207  0.380033  -0.213448  0.170724  0.24198  7.52983  -0.35887  0.136894  7.51929  D0  17.0859  0.645757  0.367185  16.9676  0  0  0  0  0  0  0  0  0  0  0  0  0  0  0  0  0  0
71472  s  1.68046  0.0827995  0.148481  1.77792  -0.423357  -0.239131  1.70687  3.59511  -0.753785  -0.0700962  3.51291  D+  14.4487  -0.331688  -0.30728  14.3201  0  0  0  0  0  0  0  0  0  0  0  0  0  0  0  0  0  0
72310  s  2.85509  0.24862  0.315398  2.48056  -0.960187  -0.199597  2.27601  0.459173  -0.209494  -0.0506676  0.391434  Lambda_c+  14.5126  0.432628  0.150036  14.324  0  0  0  0  0  0  0  0  0  0  0  0  0  0  0  0  0  0
73353  s  0.519722  0.0112194  0.104648  7.12307  -0.0233708  0.29775  7.11602  0.403318  -0.0980098  0.131145  0.353124  D_s+  8.16699  -0.169531  -0.0904195  7.92388  0  0  0  0  0  0  0  0  0  0  0  0  0  0  0  0  0  0
73585  s  0.364559  0.00464188  0.0832172  4.69514  -0.0533916  -0.140973  4.69153  2.83925  -0.0223888  -0.149942  2.83323  D+  14.0299  0.0654694  -0.15827  13.9038  0  0  0  0  0  0  0  0  0  0  0  0  0  0  0  0  0  0
73848  s  1.69026  0.108892  0.19415  5.97117  -0.881708  0.254172  5.8993  0.78058  0.283039  0.0847819  0.714732  Lambda_c+  13.3609  0.865463  -0.730794  13.1149  0  0  0  0  0  0  0  0  0  0  0  0  0  0  0  0  0  0
73938  s  0.653882  0.0209293  0.131002  6.16459  0.340411  -0.169874  6.15193  3.46379  -0.403101  -0.241865  3.43011  D0  8.69021  -0.830642  0.30166  8.44163  0  0  0  0  0  0  0  0  0  0  0  0  0  0  0  0  0  0
74158  s  1.28459  0.0659405  0.155607  3.01334  0.632557  -0.0100271  2.94429  1.32305  -0.544384  -0.175795  1.18829  D+  8.29962  -1.2059  0.750576  7.96057  0  0  0  0  0  0  0  0  0  0  0  0  0  0  0  0  0  0
74234  s  0.856852  0.0207636  0.0843537  1.10967  0.0727696  0.156988  1.091  2.37298  0.154391  -0.659226  2.27188  D+  7.17789  -0.264521  -0.607655  6.89836  0  0  0  0  0  0  0  0  0  0  0  0  0  0  0  0  0  0
74743  s  2.60913  0.224236  0.296782  2.33202  -0.477277  -0.846555  2.11724  0.596716  0.357862  0.117508  0.450592  Lambda_c+  9.82933  0.513229  0.6591  9.52313  0  0  0  0  0  0  0  0  0  0  0  0  0  0  0  0  0  0
75327  d  1.97523  0.106924  0.106655  0.507923  0.160954  -0.230041  0.409873  0.609055  0.019058  -0.0436615  0.597925  omega  7.17126  -0.186747  -0.654049  7.09588  1.22917  0.0392949  -0.325595  1.17989  omega  7.17126  -0.186747  -0.654049  7.09588  0  0  0  0  0  0  0  0  0
75525  d  1.65135  0.0983651  0.0981372  5.17939  -0.40472  0.728765  5.11077  0.7977  -0.00275077  -0.0712021  0.787454  eta  8.58342  -0.643447  -1.04005  8.47816  0.947456  -0.0230225  -0.106112  0.935264  eta  8.58342  -0.643447  -1.04005  8.47816  0  0  0  0  0  0  0  0  0
76831  s  1.24034  0.0923826  0.226997  11.0783  0.706655  -0.590221  11.0395  0.89859  -0.466092  0.252621  0.717803  Lambda_c+  8.27144  -0.540393  0.0622568  7.93051  0  0  0  0  0  0  0  0  0  0  0  0  0  0  0  0  0  0
77053  s  3.2089  0.282067  0.341435  0.499056  0.404318  0.128313  0.24074  2.95244  -0.767659  0.164803  2.84417  D0  12.3672  -1.04815  -0.522146  12.1695  0  0  0  0  0  0  0  0  0  0  0  0  0  0  0  0  0  0
77642  s  1.34756  0.082646  0.184687  8.27138  -0.491208  0.742439  8.22266  1.86314  -0.053854  0.0267002  1.85917  D+  7.87424  0.777932  0.105548  7.60867  0  0  0  0  0  0  0  0  0  0  0  0  0  0  0  0  0  0
77974  s  1.09106  0.0368841  0.106506  2.75392  0.280516  -0.274014  2.72381  0.744722  -0.237164  -0.0941144  0.691623  D+  13.2921  -0.667961  1.19038  13.089  0  0  0  0  0  0  0  0  0  0  0  0  0  0  0  0  0  0
78144  cbar  1.75841  0.153377  0.152824  8.20279  -1.25952  0.0338418  8.10476  0.213835  0.108182  -0.145748  0.0401956  Lambda_c+  4.73778  0.342094  0.154066  4.13254  0  0  0  0  0  0  0  0  0  0  0  0  0  0  0  0  0  0
78738  s  0.904085  0.0246042  0.092279  2.2495  0.285721  0.0133784  2.22874  0.904456  0.212513  0.0818376  0.868918  D0  9.25018  -0.147395  0.0320447  9.059  0  0  0  0  0  0  0  0  0  0  0  0  0  0  0  0  0  0
79005  s  1.53327  0.0732653  0.143138  1.64661  0.248551  0.401861  1.57381  2.05691  -0.607279  -0.0165506  1.96231  D+  12.4251  -1.28994  0.253937  12.2131  0  0  0  0  0  0  0  0  0  0  0  0  0  0  0  0  0  0
79117  s  1.74296  0.0852925  0.148166  0.972326  -0.081056  0.353573  0.895918  3.00894  -0.111236  0.289416  2.99106  D0  15.5476  0.388257  -0.388466  15.4256  0  0  0  0  0  0  0  0  0  0  0  0  0  0  0  0  0  0
79289  s  1.90701  0.103807  0.167621  1.28368  0.463667  -0.0134273  1.19226  2.90852  0.0361223  -0.0532782  2.90589  D+  16.5065  -0.698651  -0.320007  16.3822  0  0  0  0  0  0  0  0  0  0  0  0  0  0  0  0  0  0
79867  s  1.97206  0.131755  0.207338  6.25945  -0.249682  -1.16521  6.14406  0.601074  -0.253946  0.0215357  0.534017  D+  9.56956  -0.135599  0.0797256  9.38383  0  0  0  0  0  0  0  0  0  0  0  0  0  0  0  0  0  0
79889  s  1.51568  0.0859692  0.169824  5.71256  0.777604  -0.204311  5.65471  4.52876  -0.558734  -0.597517  4.45301  D+  11.0806  -0.575083  -0.170183  10.9052  0  0  0  0  0  0  0  0  0  0  0  0  0  0  0  0  0  0
81225  s  2.05489  0.205584  0.31361  9.00733  -0.142853  1.36691  8.90123  0.6439  0.309856  -0.400229  0.38373  D+  5.86085  0.258913  -1.10486  5.43749  0  0  0  0  0  0  0  0  0  0  0  0  0  0  0  0  0  0
82405  s  1.00052  0.0373127  0.121071  4.22081  0.148787  0.524852  4.18407  1.34991  0.0165728  -0.394457  1.28656  D+  8.81714  -0.598391  0.216272  8.59312  0  0  0  0  0  0  0  0  0  0  0  0  0  0  0  0  0  0
82594  s  1.28446  0.0548746  0.129542  6.40102  0.760275  0.449838  6.33889  0.662549  0.175188  0.41134  0.477405  D0  7.29264  0.785725  0.33873  6.99806  0  0  0  0  0  0  0  0  0  0  0  0  0  0  0  0  0  0
84319  s  0.760033  0.0186325  0.0911669  1.98106  0.271857  0.109563  1.95641  0.423612  -0.213442  -0.120694  0.328875  D+  6.64513  0.125331  -0.855266  6.31784  0  0  0  0  0  0  0  0  0  0  0  0  0  0  0  0  0  0
84806  s  0.818371  0.0229675  0.100073  4.41342  0.168446  -0.332838  4.39636  7.08328  -0.0902036  -0.33552  7.07396  D+  11.0692  -1.02975  -0.771779  10.8341  0  0  0  0  0  0  0  0  0  0  0  0  0  0  0  0  0  0
85042  s  1.28746  0.0506392  0.119235  2.5096  0.319552  0.307996  2.46778  3.09257  -0.341477  0.184867  3.06628  D0  11.7513  -0.124211  -0.0928958  11.6013  0  0  0  0  0  0  0  0  0  0  0  0  0  0  0  0  0  0
85345  s  0.763527  0.0199013  0.0966647  4.34242  -0.156216  0.305805  4.32753  2.26045  0.115852  -0.529732  2.1919  D+  11.3828  -0.196087  -0.273028  11.2232  0  0  0  0  0  0  0  0  0  0  0  0  0  0  0  0  0  0
85409  s  1.3731  0.0737546  0.16149  6.32875  0.191403  0.742652  6.28122  3.10731  -0.16578  -0.658618  3.03034  D0  10.6484  -0.339529  -1.27427  10.4005  0  0  0  0  0  0  0  0  0  0  0  0  0  0  0  0  0  0
86536  s  1.20498  0.0503993  0.128345  4.60016  0.523425  0.225505  4.56349  1.22601  -0.436454  0.081474  1.13789  D0  10.4087  -0.270119  -0.354655  10.2305  0  0  0  0  0  0  0  0  0  0  0  0  0  0  0  0  0  0
87327  s  2.41814  0.158081  0.218096  0.325077  0.17961  -0.234968  0.0839116  2.24902  0.506578  0.0939549  2.18666  D0  8.70839  0.0464459  0.226966  8.50321  0  0  0  0  0  0  0  0  0  0  0  0  0  0  0  0  0  0
88692  s  1.4152  0.0792399  0.167946  6.48366  0.471957  -0.64652  6.43319  2.30177  -0.111528  -0.240421  2.28402  D+  9.876  -0.590877  0.266363  9.67574  0  0  0  0  0  0  0  0  0  0  0  0  0  0  0  0  0  0
89200  s  1.09  0.0596406  0.172343  9.33682  -0.127201  -0.730033  9.30677  0.293472  -0.137677  0.130647  0.197327  D0  7.1747  0.174815  -0.40999  6.91375  0  0  0  0  0  0  0  0  0  0  0  0  0  0  0  0  0  0
89216  s  1.82035  0.174081  0.291087  5.23204  0.11798  1.06756  5.11952  3.76638  0.246354  -0.349572  3.74053  D+  8.25574  0.414371  -1.37556  7.91189  0  0  0  0  0  0  0  0  0  0  0  0  0  0  0  0  0  0
89497  s  1.04772  0.042584  0.129737  6.21572  0.57143  -0.0834988  6.18793  6.00788  -0.106188  0.684147  5.96692  D+  9.60194  -0.853219  0.292172  9.37488  0  0  0  0  0  0  0  0  0  0  0  0  0  0  0  0  0  0
90848  s  0.521681  0.0100461  0.0930792  5.51643  0.23638  0.106019  5.50933  5.64821  0.379669  -0.437908  5.6174  D+  9.99968  -0.205963  -0.813529  9.78743  0  0  0  0  0  0  0  0  0  0  0  0  0  0  0  0  0  0
92800  s  1.55209  0.0670827  0.129533  0.816014  -0.209768  0.200334  0.755366  2.12076  -0.206599  0.241274  2.09417  Lambda_c+  17.9415  -0.000709641  0.197261  17.7941  0  0  0  0  0  0  0  0  0  0  0  0  0  0  0  0  0  0
93584  s  1.24562  0.0427194  0.104563  0.597844  0.134287  0.126862  0.558683  1.76164  -0.321582  0.162492  1.72116  D+  11.9674  -0.758325  -0.17185  11.7948  0  0  0  0  0  0  0  0  0  0  0  0  0  0  0  0  0  0
95051  d  2.00924  0.121772  0.121423  2.28572  -0.262207  -0.611185  2.18427  3.63433  0.220128  0.320701  3.61191  omega  8.93406  -0.271708  0.391076  8.88724  5.29974  -0.491836  0.0703753  5.27534  omega  8.93406  -0.271708  0.391076  8.88724  0  0  0  0  0  0  0  0  0
95176  s  1.41619  0.0592696  0.125585  1.92017  0.421286  -0.0537239  1.86963  0.663588  -0.282509  0.0480826  0.589119  Lambda_c+  15.7141  -0.221708  0.769409  15.5262  0  0  0  0  0  0  0  0  0  0  0  0  0  0  0  0  0  0
95544  s  1.51058  0.0667882  0.132435  1.16123  0.213456  0.350988  1.08099  4.23674  0.720392  0.420112  4.15251  D+  13.5247  0.790602  -0.357616  13.3667  0  0  0  0  0  0  0  0  0  0  0  0  0  0  0  0  0  0
98047  s  0.686366  0.022729  0.131212  8.90657  0.451464  -0.00709953  8.89449  3.44717  -0.29425  0.0160313  3.43292  D+  6.58766  -0.355907  0.274256  6.30079  0  0  0  0  0  0  0  0  0  0  0  0  0  0  0  0  0  0
98367  s  0.924589  0.0301776  0.109526  4.85689  0.336453  0.293214  4.83519  4.79845  -0.517789  -0.056908  4.76893  D+  11.3148  -0.178901  -0.815993  11.128  0  0  0  0  0  0  0  0  0  0  0  0  0  0  0  0  0  0
98537  s  1.07537  0.0329827  0.0970791  1.26841  0.184307  0.168037  1.23915  1.0671  0.0734431  -0.252623  1.02875  Lambda_c+  14.155  -0.824522  -0.925002  13.9141  0  0  0  0  0  0  0  0  0  0  0  0  0  0  0  0  0  0
98709  s  1.33987  0.073754  0.165901  6.05656  0.901759  -0.283565  5.9814  0.396611  -0.00780458  -0.252755  0.286688  D+  4.96469  0.198878  0.316665  4.58398  0  0  0  0  0  0  0  0  0  0  0  0  0  0  0  0  0  0
98745  s  0.507393  0.0152676  0.148645  10.9668  -0.31857  0.186932  10.96  1.14228  0.578793  0.217693  0.954595  D+  5.37467  0.62512  -0.490531  4.97597  0  0  0  0  0  0  0  0  0  0  0  0  0  0  0  0  0  0
