1319  s  1.59601  0.174827  0.325873  0.178984  0.137581  -0.0402553  0.017942  1.89839  0.386812  -0.605197  1.75409  Lambda_c+  6.62945  -0.278388  0.150827  6.21462  0  0  0  0  0  0  0  0  0  0  0  0  0  0  0  0  0  0
2223  s  1.26623  0.122509  0.2923  0.969076  -0.337053  -0.248737  0.86745  1.09004  -0.1323  0.460878  0.973195  Lambda_c+  5.93864  0.305391  -0.0769212  5.47178  0  0  0  0  0  0  0  0  0  0  0  0  0  0  0  0  0  0
4339  s  0.779056  0.0520765  0.244368  1.73246  0.162328  -0.309448  1.69356  0.876738  0.448514  0.0751489  0.742087  Lambda_c+  5.42253  0.458661  0.27901  4.8875  0  0  0  0  0  0  0  0  0  0  0  0  0  0  0  0  0  0
5934  d  1.59161  0.196814  0.194542  1.08427  0.435242  -0.347942  0.92411  0.119414  0.00676325  -0.0129688  0.0536823  Lambda0  1.56986  -0.429383  0.322496  0.965064  0  0  0  0  0  0  0  0  0  0  0  0  0  0  0  0  0  0
6723  s  0.637997  0.0283921  0.185017  0.303505  -0.0300112  -0.0567579  0.27718  2.81748  0.152026  -0.0775511  2.81032  Lambda_c+  7.32244  0.30444  0.0148826  6.94962  0  0  0  0  0  0  0  0  0  0  0  0  0  0  0  0  0  0
7819  s  0.469617  0.0166477  0.186299  0.883768  -0.107433  -0.0534855  0.869183  1.52761  0.0062503  0.482208  1.44564  Lambda_c+  5.67912  -0.239467  0.376297  5.17934  0  0  0  0  0  0  0  0  0  0  0  0  0  0  0  0  0  0
9776  s  0.971062  0.0914042  0.307822  2.44574  -0.524776  -0.0601191  2.38568  0.62304  0.0363299  0.00904906  0.612872  Lambda_c+  5.48273  0.261819  0.111069  4.97509  0  0  0  0  0  0  0  0  0  0  0  0  0  0  0  0  0  0
11237  s  1.23972  0.108454  0.265516  0.391615  0.116442  -0.205192  0.29417  2.34162  -0.333298  -0.213564  2.3055  D0  5.07423  0.142475  -0.195241  4.71292  0  0  0  0  0  0  0  0  0  0  0  0  0  0  0  0  0  0
12008  s  0.519526  0.0225631  0.210362  1.56863  -0.209756  -0.00558305  1.55094  1.1568  -0.120176  0.37395  1.08293  Lambda_c+  5.65843  0.00239855  -0.626301  5.13786  0  0  0  0  0  0  0  0  0  0  0  0  0  0  0  0  0  0
12251  s  1.56726  0.200131  0.378953  1.40275  0.627822  0.0792293  1.24744  1.70747  -0.21108  0.466489  1.62546  Lambda_c+  6.09102  -0.51848  0.483647  5.60089  0  0  0  0  0  0  0  0  0  0  0  0  0  0  0  0  0  0
19535  s  0.342629  0.00911612  0.183728  1.08081  0.00480378  -0.0789929  1.07272  1.21182  0.272404  -0.443895  1.08908  D+  4.51204  0.18901  0.0606998  4.10166  0  0  0  0  0  0  0  0  0  0  0  0  0  0  0  0  0  0
22396  s  1.68567  0.197541  0.349863  0.277933  0.204559  0.120672  0.0983683  0.247855  -0.157558  0.11472  0.110829  Lambda_c+  5.85126  -0.388623  -0.527025  5.34608  0  0  0  0  0  0  0  0  0  0  0  0  0  0  0  0  0  0
25179  s  0.776002  0.0417224  0.197121  0.252027  -0.00118823  0.0824883  0.213419  0.457921  -0.272001  -0.0625193  0.347325  Lambda_c+  7.18981  -0.515922  0.359784  6.78748  0  0  0  0  0  0  0  0  0  0  0  0  0  0  0  0  0  0
25767  d  0.840722  0.054151  0.0539756  0.987599  0.12768  0.244455  0.942405  0.315022  -0.198065  -0.161438  0.15094  eta  0.672379  -0.157328  0.06952  0.349812  0.157371  0.0438087  0.0663783  0.085301  eta  0.672379  -0.157328  0.06952  0.349812  0  0  0  0  0  0  0  0  0
25853  d  2.01008  0.477373  0.464248  3.43293  0.0576077  1.29286  3.1779  0.151488  -0.0799119  -0.00210558  0.0734456  eta  0.654036  -0.144417  0.110672  0.30744  0.315666  -0.143836  -0.0551899  0.254453  eta  0.654036  -0.144417  0.110672  0.30744  0  0  0  0  0  0  0  0  0
31148  s  1.04642  0.0968482  0.294151  1.91817  -0.488391  -0.112173  1.84854  1.58134  0.0363834  -0.325864  1.54336  Lambda_c+  5.3276  0.531797  0.219463  4.77749  0  0  0  0  0  0  0  0  0  0  0  0  0  0  0  0  0  0
34797  d  1.78526  0.28344  0.278757  1.95112  0.823296  -0.23685  1.74979  0.130201  -0.0278616  -0.0705058  0.00640313  eta  0.640721  -0.00836982  -0.0724863  0.324129  0.130987  0.0260644  -0.0419132  -0.0596437  eta  0.640721  -0.00836982  -0.0724863  0.324129  0  0  0  0  0  0  0  0  0
39328  s  0.688151  0.0364477  0.209162  1.01958  0.147598  0.168334  0.989065  2.1815  0.482349  0.469819  2.07229  Lambda_c+  6.57235  0.355955  -0.183781  6.14877  0  0  0  0  0  0  0  0  0  0  0  0  0  0  0  0  0  0
40072  s  0.934195  0.0623459  0.222254  0.483808  -0.124041  -0.155531  0.428171  2.75798  0.616721  0.643805  2.60777  Lambda_c+  6.82337  0.377305  0.087904  6.4172  0  0  0  0  0  0  0  0  0  0  0  0  0  0  0  0  0  0
40932  s  1.01939  0.0751011  0.236649  0.569698  -0.130592  -0.206739  0.503584  0.860008  0.27682  0.296758  0.750836  Lambda_c+  5.57587  0.29574  -0.268735  5.06979  0  0  0  0  0  0  0  0  0  0  0  0  0  0  0  0  0  0
43580  s  0.548405  0.021631  0.183217  0.53415  0.0346117  -0.090704  0.514517  0.559439  0.33689  -0.0889674  0.424733  D0  5.33315  0.340705  0.123657  4.98331  0  0  0  0  0  0  0  0  0  0  0  0  0  0  0  0  0  0
45326  s  0.584648  0.0319335  0.241666  2.23922  0.107056  -0.276381  2.21701  1.01833  -0.303511  0.22344  0.940105  Lambda_c+  5.56527  -0.124907  -0.183153  5.06904  0  0  0  0  0  0  0  0  0  0  0  0  0  0  0  0  0  0
51193  s  1.11786  0.0860293  0.239702  0.20282  0.0541288  -0.108627  0.123459  1.6619  0.196026  0.302829  1.61884  D+  5.38793  -0.279747  -0.280873  5.03758  0  0  0  0  0  0  0  0  0  0  0  0  0  0  0  0  0  0
53092  d  1.46319  0.246672  0.243111  3.31814  -0.910555  0.200919  3.18267  0.239514  -0.0176423  0.122699  0.175603  Lambda0  1.88686  0.303304  0.517836  1.39834  0  0  0  0  0  0  0  0  0  0  0  0  0  0  0  0  0  0
57346  s  0.589591  0.0244415  0.18237  0.269464  -0.0243431  0.0866521  0.230967  0.970319  -0.450653  0.33848  0.782751  Lambda_c+  3.94363  -0.175172  0.0523467  3.20794  0  0  0  0  0  0  0  0  0  0  0  0  0  0  0  0  0  0
59660  s  1.45415  0.161463  0.330103  0.964351  -0.142801  -0.456741  0.830545  0.314428  -0.244078  0.0496479  0.160193  Lambda_c+  5.99229  0.405214  0.174776  5.52132  0  0  0  0  0  0  0  0  0  0  0  0  0  0  0  0  0  0
68787  d  1.1968  0.222918  0.219999  4.51925  -0.742973  -0.49983  4.42839  0.71165  -0.109111  -0.171207  0.673843  omega  1.56673  0.519879  -0.458684  1.16549  0.855076  0.62899  -0.287478  0.491649  omega  1.56673  0.519879  -0.458684  1.16549  0  0  0  0  0  0  0  0  0
72072  s  0.970039  0.0684065  0.231031  0.612977  0.237257  -0.0492833  0.553044  0.366297  -0.0772154  -0.324257  0.109109  D+  4.68755  -0.129397  0.261319  4.28866  0  0  0  0  0  0  0  0  0  0  0  0  0  0  0  0  0  0
75541  d  1.4294  0.173506  0.171737  1.66798  0.18774  -0.606839  1.53866  0.436035  0.0666765  -0.124619  0.398731  rho0  1.0239  -0.374726  0.197088  0.588704  0.587865  -0.441402  0.321708  0.189973  rho0  1.0239  -0.374726  0.197088  0.588704  0  0  0  0  0  0  0  0  0
76392  s  0.830449  0.0644039  0.273467  2.23697  0.12775  -0.409794  2.19286  1.65858  -0.0604889  0.558716  1.55689  Lambda_c+  5.75083  -0.470629  0.152458  5.25351  0  0  0  0  0  0  0  0  0  0  0  0  0  0  0  0  0  0
79879  d  2.40689  0.557733  0.539914  2.40814  -1.26971  -0.0535834  2.04278  1.01205  0.445374  0.0638481  0.900355  eta  2.10087  0.750329  0.0821869  1.88249  0.679792  0.28472  0.139473  0.591976  eta  2.10087  0.750329  0.0821869  1.88249  0  0  0  0  0  0  0  0  0
80360  s  0.549361  0.0210318  0.177602  0.29648  0.00628376  0.00946338  0.27678  0.203587  0.134514  0.102618  -0.040732  Lambda_c+  5.65802  -0.910827  0.372758  5.08101  0  0  0  0  0  0  0  0  0  0  0  0  0  0  0  0  0  0
95165  d  1.4515  0.207753  0.205221  2.5391  0.7749  0.218235  2.40578  0.163964  -0.0835392  -0.0160422  0.092108  Lambda0  2.09308  -0.576003  0.00861108  1.67463  0  0  0  0  0  0  0  0  0  0  0  0  0  0  0  0  0  0
95517  s  0.532935  0.0199122  0.17744  0.342307  0.030584  -0.0166111  0.323726  2.09633  0.665791  -0.523892  1.9146  Lambda_c+  6.6707  0.157456  -0.241974  6.25996  0  0  0  0  0  0  0  0  0  0  0  0  0  0  0  0  0  0
