104  s  0.844062  0.00811663  0.0337486  32.6579  0.531188  -0.0644691  32.6533  1.37555  -0.175725  0.0320394  1.35981  D0  32.576  0.0465718  0.167623  32.5221  0  0  0  0  0  0  0  0  0  0  0  0  0  0  0  0  0  0
107  s  2.33004  0.0413163  0.0584249  9.40887  0.397946  0.688262  9.37463  19.473  -0.296965  0.119325  19.4701  D+  43.8468  -0.302717  -0.0300341  43.8059  0  0  0  0  0  0  0  0  0  0  0  0  0  0  0  0  0  0
328  s  1.64212  0.0208585  0.038258  10.5407  0.0273233  0.589163  10.5236  7.88415  -0.155633  -0.287552  7.87665  D+  43.0795  -0.0566854  -0.214901  43.0383  0  0  0  0  0  0  0  0  0  0  0  0  0  0  0  0  0  0
358  s  1.11298  0.00974063  0.0274318  5.91951  0.38295  0.00554105  5.90617  23.2265  -0.343001  0.346234  23.2212  D0  54.5734  -0.453048  0.808667  54.5336  0  0  0  0  0  0  0  0  0  0  0  0  0  0  0  0  0  0
477  s  0.448529  0.00144213  0.017571  5.09389  -0.0429655  0.0246026  5.09255  13.8785  -0.122751  -0.42994  13.8709  D+  53.3474  -0.497728  -0.431806  53.3106  0  0  0  0  0  0  0  0  0  0  0  0  0  0  0  0  0  0
824  s  1.57793  0.0342428  0.0651734  40.6849  -0.577876  0.967293  40.6692  16.6558  0.194485  0.0976119  16.6541  D+  31.8617  0.140436  -0.621148  31.8004  0  0  0  0  0  0  0  0  0  0  0  0  0  0  0  0  0  0
827  s  3.29578  0.0731413  0.0882537  0.292911  0.10666  0.113451  0.224468  10.9061  -0.632504  -0.0781314  10.887  D0  51.4401  -1.27627  -0.0746022  51.3904  0  0  0  0  0  0  0  0  0  0  0  0  0  0  0  0  0  0
871  s  2.64625  0.0533954  0.0705294  1.51087  -0.397455  0.287783  1.42506  1.07814  0.217629  0.0530428  1.0493  D+  21.935  0.135206  -0.298025  21.8527  0  0  0  0  0  0  0  0  0  0  0  0  0  0  0  0  0  0
1089  s  2.35048  0.0379161  0.0533458  1.78484  0.323036  -0.0875222  1.74999  2.65579  -0.110785  0.0917151  2.64979  D+  57.1673  0.0756985  -0.312532  57.1358  0  0  0  0  0  0  0  0  0  0  0  0  0  0  0  0  0  0
1538  s  0.53614  0.00293839  0.0259383  27.3027  0.232708  0.193179  27.3008  21.3931  0.23688  -0.846456  21.3748  D0  40.1839  0.126334  -0.77038  40.133  0  0  0  0  0  0  0  0  0  0  0  0  0  0  0  0  0  0
1871  s  2.16882  0.0545339  0.0805937  36.5036  -0.936219  -1.27351  36.4692  2.83534  0.108578  0.108948  2.82919  D+  24.8764  0.202072  1.11959  24.7799  0  0  0  0  0  0  0  0  0  0  0  0  0  0  0  0  0  0
2377  s  1.80556  0.0224948  0.038015  2.04001  -0.0800308  -0.231158  2.02253  10.1894  -0.455345  0.140507  10.1777  D0  58.6175  0.0168682  0.0790458  58.5877  0  0  0  0  0  0  0  0  0  0  0  0  0  0  0  0  0  0
2471  s  1.90457  0.0359389  0.0582189  25.647  -0.429476  0.989272  25.6241  3.9879  -0.487502  -0.076554  3.95583  D+  35.0812  0.0467398  -1.05185  35.0155  0  0  0  0  0  0  0  0  0  0  0  0  0  0  0  0  0  0
2573  s  1.29243  0.0119457  0.0280346  4.91799  -0.0660287  0.297446  4.9074  9.15022  0.272484  -0.51416  9.13109  D0  52.3484  -0.206598  -0.590807  52.3114  0  0  0  0  0  0  0  0  0  0  0  0  0  0  0  0  0  0
3527  s  1.85361  0.0887073  0.14672  58.7923  1.42439  -0.71471  58.7706  3.54325  0.0224997  0.37133  3.52209  D+  17.6929  -0.876789  -0.157814  17.5713  0  0  0  0  0  0  0  0  0  0  0  0  0  0  0  0  0  0
3720  s  1.21526  0.0327702  0.0826797  54.5458  0.89878  -0.436706  54.5366  2.75659  0.175644  0.393875  2.7206  D0  9.00827  -0.598002  0.229299  8.78983  0  0  0  0  0  0  0  0  0  0  0  0  0  0  0  0  0  0
4177  s  2.03488  0.0425551  0.0656623  27.5801  0.849608  -0.841307  27.554  7.50718  0.170671  0.534152  7.48546  D0  34.4294  -0.769792  0.919141  34.358  0  0  0  0  0  0  0  0  0  0  0  0  0  0  0  0  0  0
4509  s  0.55129  0.00871334  0.0732164  60.8455  0.391775  0.276946  60.8435  5.00624  0.0489696  0.104944  5.00378  D_s+  13.4288  -1.48253  0.584207  13.1878  0  0  0  0  0  0  0  0  0  0  0  0  0  0  0  0  0  0
4621  s  1.4288  0.0253838  0.0533526  36.5755  -0.261046  -0.930414  36.5626  13.3274  0.501023  0.923046  13.2855  D0  30.0103  0.467101  0.987832  29.9324  0  0  0  0  0  0  0  0  0  0  0  0  0  0  0  0  0  0
4776  s  2.64747  0.0480982  0.0635202  3.05747  0.621602  -0.234756  2.98253  5.74064  -0.135  -0.256917  5.73233  D+  26.0433  0.0939214  -0.518509  25.9707  0  0  0  0  0  0  0  0  0  0  0  0  0  0  0  0  0  0
4850  s  3.73528  0.103582  0.120213  7.65282  0.306978  1.11003  7.56493  17.5395  0.0389186  -0.383025  17.5349  D0  57.0636  0.189567  -1.37207  57.0163  0  0  0  0  0  0  0  0  0  0  0  0  0  0  0  0  0  0
5311  s  2.23677  0.059885  0.0867855  34.8633  -1.12652  -0.953183  34.8319  8.45886  -0.217568  0.131817  8.45438  D+  27.8768  0.0719743  -0.289592  27.8124  0  0  0  0  0  0  0  0  0  0  0  0  0  0  0  0  0  0
5472  s  1.9557  0.0277956  0.0441397  6.10499  0.514773  0.134463  6.08084  12.3421  -0.251361  -0.0889082  12.3387  D+  23.6311  -0.246446  -0.48723  23.5507  0  0  0  0  0  0  0  0  0  0  0  0  0  0  0  0  0  0
5528  s  2.69161  0.0736351  0.0964618  14.8882  1.2242  0.226077  14.8357  9.86061  -0.552222  -0.930711  9.80048  D+  34.3995  -0.632363  -1.10736  34.3249  0  0  0  0  0  0  0  0  0  0  0  0  0  0  0  0  0  0
5567  s  3.18652  0.0908395  0.110909  19.8667  1.37515  0.79753  19.8027  23.4015  -0.336745  0.572852  23.3918  D+  38.1906  -1.3599  0.00555413  38.1206  0  0  0  0  0  0  0  0  0  0  0  0  0  0  0  0  0  0
5588  s  1.53836  0.0391078  0.0762721  47.1857  0.452441  -1.09377  47.1707  11.3744  0.205769  -0.0432788  11.3719  D0  23.9174  -0.197779  0.0714311  23.8436  0  0  0  0  0  0  0  0  0  0  0  0  0  0  0  0  0  0
5594  s  1.19462  0.00966576  0.0249035  0.753164  -0.00183533  -0.0488673  0.744111  21.433  -0.138133  -0.912786  21.4129  D+  61.4428  -0.259068  -0.332288  61.4129  0  0  0  0  0  0  0  0  0  0  0  0  0  0  0  0  0  0
5615  d  7.09023  0.38682  0.385938  10.1774  0.948282  2.33065  9.86092  0.453626  -0.133212  -0.186544  0.376919  eta  1.5473  -0.207157  -0.47228  1.35205  0.858465  -0.174683  -0.327662  0.766761  eta  1.5473  -0.207157  -0.47228  1.35205  0  0  0  0  0  0  0  0  0
5783  s  2.30069  0.0747226  0.106438  41.6838  1.02194  -1.31412  41.6505  12.1526  -0.432773  0.302175  12.1407  D0  32.1284  -1.78461  0.302109  32.0232  0  0  0  0  0  0  0  0  0  0  0  0  0  0  0  0  0  0
6068  s  1.49115  0.0155192  0.0312202  3.08149  -0.198155  0.189908  3.06742  6.95591  -0.256944  0.205259  6.94733  D0  48.7558  -0.496251  -0.215212  48.7172  0  0  0  0  0  0  0  0  0  0  0  0  0  0  0  0  0  0
6145  s  1.67565  0.0567485  0.102189  33.7401  -0.682636  -0.9477  33.7197  4.37489  0.0680526  0.318204  4.36149  D0  18.5194  -0.065426  2.05932  18.3097  0  0  0  0  0  0  0  0  0  0  0  0  0  0  0  0  0  0
6767  s  1.86233  0.0373125  0.0615048  7.96592  -0.544427  -0.342276  7.93922  17.4091  0.720004  0.405083  17.3891  D+  42.5472  1.11964  -0.0216358  42.4914  0  0  0  0  0  0  0  0  0  0  0  0  0  0  0  0  0  0
6945  s  1.63739  0.0263291  0.0484175  31.6108  -0.00874224  1.1066  31.5913  5.05971  -0.000309064  -0.534751  5.03027  D0  18.3031  0.70532  -0.365978  18.1905  0  0  0  0  0  0  0  0  0  0  0  0  0  0  0  0  0  0
6953  s  3.80464  0.105778  0.122143  6.50843  1.05137  -0.249199  6.41724  31.2641  -0.483435  -0.29704  31.2588  D+  61.6003  -0.387257  -0.213174  61.5703  0  0  0  0  0  0  0  0  0  0  0  0  0  0  0  0  0  0
6983  s  2.51648  0.0597652  0.0809713  22.968  0.819115  1.07266  22.928  0.508531  0.0184659  0.0859902  0.489596  D+  46.9507  -1.6707  0.145521  46.8835  0  0  0  0  0  0  0  0  0  0  0  0  0  0  0  0  0  0
7594  s  1.90121  0.0313855  0.0509126  18.0602  -0.464619  -0.77254  18.0374  12.1317  0.620317  0.00643029  12.1154  Lambda_c+  38.3877  0.12435  -0.0835045  38.3193  0  0  0  0  0  0  0  0  0  0  0  0  0  0  0  0  0  0
7701  s  2.2345  0.0345806  0.0501535  2.48981  -0.33595  0.178425  2.45831  24.1538  -0.389432  0.0615428  24.1503  D+  62.7926  0.628936  0.781782  62.7567  0  0  0  0  0  0  0  0  0  0  0  0  0  0  0  0  0  0
7791  s  1.07584  0.00981251  0.028886  16.5755  -0.0330005  0.481193  16.5681  5.74994  -0.080863  -0.189793  5.74527  D0  41.4805  0.300602  -0.37905  41.4357  0  0  0  0  0  0  0  0  0  0  0  0  0  0  0  0  0  0
7862  s  1.04861  0.0110034  0.0335164  20.9784  -0.670281  -0.0410635  20.9674  5.61811  0.431881  0.000590098  5.60048  D0  27.6616  0.284175  -0.239576  27.5962  0  0  0  0  0  0  0  0  0  0  0  0  0  0  0  0  0  0
7990  s  0.861058  0.0155146  0.0625911  53.9665  0.469961  -0.528446  53.9618  11.1026  -0.109006  -0.065072  11.1013  Xi_c+  23.6236  -0.266414  0.966466  23.473  0  0  0  0  0  0  0  0  0  0  0  0  0  0  0  0  0  0
8014  cbar  2.5754  0.155024  0.154882  52.5977  -1.89152  -1.04762  52.5532  1.10774  0.212693  0.328184  1.03101  Lambda_c+  5.64518  -0.416183  -0.138548  5.14274  0  0  0  0  0  0  0  0  0  0  0  0  0  0  0  0  0  0
8187  s  2.11187  0.0421674  0.0634244  23.0693  -0.427655  -1.05057  23.0412  13.1972  -0.458726  0.528402  13.1782  D0  39.9444  -0.101369  0.7158  39.8943  0  0  0  0  0  0  0  0  0  0  0  0  0  0  0  0  0  0
8476  s  1.10361  0.0136209  0.0387803  31.7821  0.416713  -0.554  31.7744  9.78662  0.550096  0.798877  9.73786  D0  30.9735  1.19812  0.642931  30.8874  0  0  0  0  0  0  0  0  0  0  0  0  0  0  0  0  0  0
8517  s  3.34283  0.0954461  0.1146  17.0435  -0.511105  1.45695  16.9731  8.98109  0.36079  -0.668644  8.94827  D+  45.2555  -0.0463585  -2.29199  45.1588  0  0  0  0  0  0  0  0  0  0  0  0  0  0  0  0  0  0
8973  s  1.32621  0.039948  0.0910301  55.9705  0.220815  1.08956  55.9594  1.04213  0.178255  -0.204311  1.00067  D+  10.4962  0.0200082  -0.590358  10.3114  0  0  0  0  0  0  0  0  0  0  0  0  0  0  0  0  0  0
9027  s  1.03218  0.00802706  0.0249781  8.70378  -0.326607  -0.00899701  8.69701  7.72652  -0.0769526  -0.36348  7.71686  D+  58.4404  0.398175  -0.122201  58.409  0  0  0  0  0  0  0  0  0  0  0  0  0  0  0  0  0  0
9122  s  0.558513  0.00218129  0.0179147  3.22597  -0.0353226  0.0265725  3.22393  3.63739  -0.204172  -0.0709143  3.62942  D+  56.6854  -0.157859  -0.878694  56.6475  0  0  0  0  0  0  0  0  0  0  0  0  0  0  0  0  0  0
9285  s  1.58606  0.0295414  0.0559542  30.0725  -0.271004  -0.918359  30.0571  14.9343  -0.149438  0.0706069  14.9331  D+  38.0351  0.228271  0.385665  37.9865  0  0  0  0  0  0  0  0  0  0  0  0  0  0  0  0  0  0
9395  s  1.76941  0.0379878  0.0652737  42.5894  -0.621772  1.19172  42.5681  9.7358  0.793041  -0.534353  9.68815  D+  26.6806  0.609057  -0.599116  26.6013  0  0  0  0  0  0  0  0  0  0  0  0  0  0  0  0  0  0
9603  s  2.78064  0.0643726  0.0830734  15.4256  -1.15515  -0.39469  15.3769  2.20281  -0.115915  0.148136  2.19222  D+  30.6286  -0.249582  -0.597777  30.5647  0  0  0  0  0  0  0  0  0  0  0  0  0  0  0  0  0  0
9633  s  3.33452  0.132744  0.15948  34.796  -1.39234  -1.70908  34.7259  3.08675  0.305749  0.0141228  3.06972  D0  25.5441  0.467029  0.736705  25.461  0  0  0  0  0  0  0  0  0  0  0  0  0  0  0  0  0  0
9692  s  2.86924  0.0571158  0.0727013  2.62243  0.0628214  0.50434  2.57054  21.4801  -0.45175  -0.597811  21.4668  D+  46.8676  0.0746873  -0.421463  46.8283  0  0  0  0  0  0  0  0  0  0  0  0  0  0  0  0  0  0
10339  s  2.94599  0.0810483  0.102011  21.973  1.51837  -0.214464  21.9191  15.331  -0.8347  0.287432  15.3052  D+  50.7103  -1.43858  1.71856  50.6262  0  0  0  0  0  0  0  0  0  0  0  0  0  0  0  0  0  0
10451  s  1.54769  0.0185428  0.0359565  10.5942  -0.281944  -0.479662  10.579  22.303  -0.615907  0.539854  22.2877  D+  50.435  -0.593456  0.289601  50.396  0  0  0  0  0  0  0  0  0  0  0  0  0  0  0  0  0  0
10496  s  3.37945  0.0830556  0.0993697  6.15656  -0.70308  -0.61268  6.0846  14.4952  -0.375931  -0.0286543  14.4899  D0  26.9635  0.267029  0.719053  26.888  0  0  0  0  0  0  0  0  0  0  0  0  0  0  0  0  0  0
10669  s  3.33787  0.146593  0.176045  38.9318  0.283997  -2.31719  38.8616  1.02986  -0.203676  0.219359  0.979718  D+  29.472  -0.8539  2.16991  29.3201  0  0  0  0  0  0  0  0  0  0  0  0  0  0  0  0  0  0
10793  s  1.90441  0.0324309  0.0525404  19.8385  -0.717779  0.617812  19.8156  3.01958  0.0891603  0.104259  3.01461  D+  37.912  0.693889  -0.100505  37.8594  0  0  0  0  0  0  0  0  0  0  0  0  0  0  0  0  0  0
11249  s  0.606238  0.00259552  0.0184851  5.63247  0.0341005  0.134284  5.62977  21.6623  0.396601  0.180465  21.6577  D+  60.0859  0.168593  0.337069  60.0556  0  0  0  0  0  0  0  0  0  0  0  0  0  0  0  0  0  0
11376  s  0.895717  0.00647431  0.02463  9.38382  0.309219  0.065274  9.3779  10.9213  -0.0407646  -0.566618  10.906  D+  48.8038  -1.00869  -0.243122  48.7569  0  0  0  0  0  0  0  0  0  0  0  0  0  0  0  0  0  0
11443  s  4.84284  0.183732  0.20114  19.8458  0.0860547  2.51866  19.6849  28.2818  -0.939236  -1.05374  28.2463  D+  47.3789  -1.05406  -0.904862  47.3216  0  0  0  0  0  0  0  0  0  0  0  0  0  0  0  0  0  0
11457  s  0.497398  0.00215604  0.0217637  18.2836  0.219886  0.000334505  18.282  8.81956  0.00603929  0.448774  8.8075  D+  32.7592  -0.775575  0.588168  32.6913  0  0  0  0  0  0  0  0  0  0  0  0  0  0  0  0  0  0
11783  s  4.11813  0.117026  0.132461  2.2081  -0.668042  -0.0537263  2.10128  5.47074  0.230665  0.292283  5.45703  D0  62.4045  1.09481  -0.57517  62.3644  0  0  0  0  0  0  0  0  0  0  0  0  0  0  0  0  0  0
12294  s  0.947351  0.0114059  0.0399983  37.5021  0.592807  0.257629  37.4964  1.59596  0.174289  0.00843204  1.58287  D0  37.4708  -0.393436  0.0725859  37.4223  0  0  0  0  0  0  0  0  0  0  0  0  0  0  0  0  0  0
12542  s  0.661093  0.00306784  0.0188614  3.51671  -0.083649  0.0409178  3.51389  3.00498  0.0427757  -0.282122  2.98954  D0  52.7188  -0.76227  0.456612  52.6783  0  0  0  0  0  0  0  0  0  0  0  0  0  0  0  0  0  0
12620  s  1.33077  0.0221082  0.0501903  33.1856  -0.0362764  -0.828218  33.1751  3.21866  0.35507  0.129092  3.19466  D0  29.7775  0.652967  0.503304  29.7076  0  0  0  0  0  0  0  0  0  0  0  0  0  0  0  0  0  0
12632  s  1.6754  0.053493  0.0963411  51.47  0.913863  0.989664  51.4522  3.21927  -0.056998  -0.0404033  3.21677  D+  18.5624  -0.249145  -0.455634  18.4607  0  0  0  0  0  0  0  0  0  0  0  0  0  0  0  0  0  0
12709  s  3.43739  0.110616  0.131594  16.456  -1.09417  -1.67227  16.3338  4.67535  0.419357  0.376735  4.64004  D0  27.3228  1.34071  1.06766  27.2051  0  0  0  0  0  0  0  0  0  0  0  0  0  0  0  0  0  0
12763  s  0.764226  0.0066258  0.0321502  32.46  0.276767  -0.394273  32.4563  14.5905  -0.79673  -0.451464  14.5614  Lambda_c+  39.1309  -0.841595  0.126407  39.0548  0  0  0  0  0  0  0  0  0  0  0  0  0  0  0  0  0  0
13584  s  3.2899  0.264525  0.319016  58.3046  -2.18513  2.03722  58.2279  2.15736  -0.0515878  -0.335927  2.1278  D0  14.7523  1.37515  -1.66794  14.4734  0  0  0  0  0  0  0  0  0  0  0  0  0  0  0  0  0  0
13899  s  1.01888  0.00971962  0.0307842  22.495  0.0178148  -0.533252  22.4884  15.0083  0.253954  0.0780323  15.0055  D0  41.5065  0.491281  0.0309781  41.4617  0  0  0  0  0  0  0  0  0  0  0  0  0  0  0  0  0  0
14220  s  2.17069  0.0364679  0.0538702  10.5792  0.731251  -0.286814  10.5495  4.408  -0.221498  0.103133  4.39996  D+  43.8444  -0.512994  -0.224865  43.8009  0  0  0  0  0  0  0  0  0  0  0  0  0  0  0  0  0  0
14303  s  2.19852  0.0963137  0.141067  52.6895  1.43423  1.06979  52.659  5.87504  -0.780251  -0.685399  5.78156  D_s+  16.0458  -0.730055  -1.58863  15.8283  0  0  0  0  0  0  0  0  0  0  0  0  0  0  0  0  0  0
14486  s  1.00533  0.00795043  0.0256485  11.6894  0.151824  0.340765  11.683  17.1008  -0.511222  -0.254685  17.091  D+  48.6491  -0.641627  0.207332  48.6085  0  0  0  0  0  0  0  0  0  0  0  0  0  0  0  0  0  0
14492  s  2.17306  0.081503  0.120279  48.5575  -1.33993  1.04214  48.5277  4.73108  0.632083  -0.296618  4.67808  D+  17.3967  0.343241  -0.811522  17.2735  0  0  0  0  0  0  0  0  0  0  0  0  0  0  0  0  0  0
14510  s  3.93928  0.167938  0.192097  30.1918  -2.28667  0.808024  30.094  11.0597  0.829833  0.429133  11.0197  D0  32.781  1.72187  0.329127  32.6809  0  0  0  0  0  0  0  0  0  0  0  0  0  0  0  0  0  0
15416  s  0.658577  0.00393702  0.0243603  20.5896  0.331478  0.202198  20.5857  0.938258  0.140755  0.0961244  0.916577  D_s+  20.2201  -0.0948566  0.16283  20.1232  0  0  0  0  0  0  0  0  0  0  0  0  0  0  0  0  0  0
15625  s  4.43981  0.146565  0.163153  7.76219  -1.37861  -0.0141762  7.63805  8.11455  0.118212  0.0926888  8.11247  D0  49.9486  -0.233049  -0.426574  49.9114  0  0  0  0  0  0  0  0  0  0  0  0  0  0  0  0  0  0
15637  s  1.17633  0.0145875  0.0383037  28.8832  -0.601443  0.366384  28.8744  1.18179  -0.0907237  0.213953  1.15388  D+  38.1065  0.321568  -0.420481  38.0569  0  0  0  0  0  0  0  0  0  0  0  0  0  0  0  0  0  0
15954  s  3.57411  0.136983  0.16098  29.7381  1.91526  1.04917  29.6576  10.8533  -0.359201  -0.332154  10.8417  D+  44.3533  -1.33217  -1.15932  44.2787  0  0  0  0  0  0  0  0  0  0  0  0  0  0  0  0  0  0
16011  s  2.15645  0.0723629  0.107329  36.2079  -0.498958  -1.39117  36.1776  3.91693  0.263362  0.354533  3.89051  D_s+  34.8829  0.983519  1.28723  34.7897  0  0  0  0  0  0  0  0  0  0  0  0  0  0  0  0  0  0
16257  s  0.821736  0.00484106  0.0209714  5.1027  0.0261491  -0.179522  5.09838  8.89442  -0.00769651  -0.11948  8.89299  D+  25.1109  0.0851492  0.414388  25.0377  0  0  0  0  0  0  0  0  0  0  0  0  0  0  0  0  0  0
16465  d  3.15712  0.161718  0.161563  46.5881  0.986249  -2.20561  46.5253  2.33343  0.539637  -0.478569  2.21664  rho0  2.76761  0.855091  -0.348425  2.46343  0.434186  0.315454  0.130143  0.24679  rho0  2.76761  0.855091  -0.348425  2.46343  0  0  0  0  0  0  0  0  0
16566  s  1.84763  0.0403499  0.0669286  34.3326  1.05576  -0.591165  34.3111  2.99177  0.228721  -0.0168579  2.9811  D0  33.1365  -0.935263  -0.614538  33.065  0  0  0  0  0  0  0  0  0  0  0  0  0  0  0  0  0  0
16701  cbar  2.76889  0.0887574  0.0887108  16.1245  0.566197  -1.1954  16.0698  0.665915  0.17742  0.320514  0.545959  D0  5.408  1.36461  -0.653416  4.84558  0  0  0  0  0  0  0  0  0  0  0  0  0  0  0  0  0  0
16709  s  2.20383  0.0449417  0.065744  21.8427  0.168268  1.13939  21.8121  11.2167  0.76265  -0.0903574  11.1899  D0  49.2879  1.02452  -0.579403  49.2386  0  0  0  0  0  0  0  0  0  0  0  0  0  0  0  0  0  0
16919  s  1.3307  0.0792128  0.17978  44.5307  0.452939  0.739207  44.5221  2.72236  0.0657248  0.170511  2.71416  D0  12.6425  -0.413136  -1.31659  12.4279  0  0  0  0  0  0  0  0  0  0  0  0  0  0  0  0  0  0
17012  s  2.09329  0.0714949  0.10816  46.7722  -1.60284  -0.0755238  46.7445  6.386  0.639459  -0.401226  6.34035  D0  19.5806  1.38615  -0.219379  19.441  0  0  0  0  0  0  0  0  0  0  0  0  0  0  0  0  0  0
17263  s  1.58206  0.0238753  0.0453315  23.5678  -0.767474  -0.381446  23.5519  7.72128  0.103714  0.868878  7.6708  D+  29.1596  1.04251  0.826019  29.0692  0  0  0  0  0  0  0  0  0  0  0  0  0  0  0  0  0  0
17410  s  3.27808  0.196843  0.237782  50.3417  0.630459  -2.53065  50.274  6.40801  0.0664405  1.62343  6.1977  D0  15.1759  -0.370061  2.15958  14.9007  0  0  0  0  0  0  0  0  0  0  0  0  0  0  0  0  0  0
17466  s  1.82612  0.0721568  0.120791  53.2392  0.348036  -1.46675  53.2178  7.68397  -0.67861  -0.319526  7.64655  Lambda_c+  20.3152  -0.397909  -0.0413193  20.1822  0  0  0  0  0  0  0  0  0  0  0  0  0  0  0  0  0  0
17549  s  1.03184  0.0114696  0.0357056  29.9574  -0.573951  0.255103  29.9507  3.55112  -0.0779821  0.129503  3.54632  D0  25.4397  0.586801  -0.281545  25.3629  0  0  0  0  0  0  0  0  0  0  0  0  0  0  0  0  0  0
17672  s  1.69685  0.0207194  0.0369058  5.31677  0.425169  -0.0104298  5.29868  28.74  0.0675542  -0.303192  28.7381  D+  62.1978  -1.05495  -0.246498  62.1602  0  0  0  0  0  0  0  0  0  0  0  0  0  0  0  0  0  0
17870  s  3.46101  0.140923  0.167254  34.1364  0.686083  2.15987  34.061  8.27215  0.277003  -0.546863  8.24873  D+  31.3881  0.291065  -1.39759  31.2999  0  0  0  0  0  0  0  0  0  0  0  0  0  0  0  0  0  0
18126  s  0.337508  0.00125202  0.0259819  30.9489  -0.188957  -0.0431601  30.9481  3.21232  -0.00611019  0.00605472  3.21057  D0  40.1398  -0.485787  0.45175  40.0909  0  0  0  0  0  0  0  0  0  0  0  0  0  0  0  0  0  0
18474  s  0.769123  0.00431359  0.0207201  6.35359  0.054352  0.184599  6.3498  6.70213  -0.554289  -0.159247  6.67644  D+  36.5525  -0.60227  0.293495  36.4985  0  0  0  0  0  0  0  0  0  0  0  0  0  0  0  0  0  0
18526  s  1.49981  0.0227869  0.0455734  26.8275  -0.86365  0.0789656  26.8133  1.29121  -0.131617  -0.117755  1.2747  D_s+  42.5932  0.504427  -0.181111  42.5443  0  0  0  0  0  0  0  0  0  0  0  0  0  0  0  0  0  0
18958  s  0.981783  0.00924938  0.0308382  32.6565  -0.579913  -0.372154  32.6491  2.72834  0.309703  -0.0512654  2.70816  D0  31.0752  0.313731  -1.34833  30.9883  0  0  0  0  0  0  0  0  0  0  0  0  0  0  0  0  0  0
18963  s  4.27309  0.134621  0.151089  16.7686  2.0541  -0.748789  16.6251  11.3528  0.0657045  0.45006  11.3432  D+  55.6929  -0.600351  -0.289236  55.6575  0  0  0  0  0  0  0  0  0  0  0  0  0  0  0  0  0  0
19594  s  0.69267  0.00431502  0.0245498  20.1797  0.195641  0.274367  20.1766  22.6454  0.39207  0.56368  22.6348  D_s+  47.1309  -0.415506  -0.0245611  47.088  0  0  0  0  0  0  0  0  0  0  0  0  0  0  0  0  0  0
19670  s  1.90617  0.0434997  0.0704183  32.2489  1.21208  0.565214  32.221  4.10951  -0.269147  -0.213641  4.09375  D0  30.8466  -1.34238  0.0895417  30.7608  0  0  0  0  0  0  0  0  0  0  0  0  0  0  0  0  0  0
19966  s  3.44362  0.151528  0.180117  23.4284  1.23077  1.49108  23.3482  1.09601  0.0479625  -0.0158016  1.08974  D0  33.6526  -0.578475  -1.23595  33.5732  0  0  0  0  0  0  0  0  0  0  0  0  0  0  0  0  0  0
20747  s  3.51516  0.0866264  0.102348  3.42092  0.476646  0.536857  3.34307  4.51108  -0.0548881  0.219248  4.50417  D+  54.8271  -2.32804  -0.0423282  54.7457  0  0  0  0  0  0  0  0  0  0  0  0  0  0  0  0  0  0
20767  s  1.18369  0.0137812  0.0359086  23.6942  0.674679  0.191483  23.6836  12.3783  -0.0682259  0.524318  12.3666  D+  39.028  0.0443058  1.30439  38.9613  0  0  0  0  0  0  0  0  0  0  0  0  0  0  0  0  0  0
21677  s  2.03212  0.0315978  0.048805  9.78912  -0.703456  -0.0599269  9.76305  10.6895  0.538683  0.136444  10.6745  D0  54.5061  0.163038  0.0974873  54.4738  0  0  0  0  0  0  0  0  0  0  0  0  0  0  0  0  0  0
21872  s  3.52839  0.090413  0.106696  6.05516  -0.0107999  0.965633  5.97672  21.5932  0.391109  -0.672275  21.5789  D0  55.326  -0.176822  -0.513172  55.2919  0  0  0  0  0  0  0  0  0  0  0  0  0  0  0  0  0  0
22046  s  2.2563  0.0710184  0.102363  41.2327  -0.966385  -1.30473  41.2006  5.84765  0.377361  0.547948  5.80872  D+  30.4502  1.16631  1.63324  30.3264  0  0  0  0  0  0  0  0  0  0  0  0  0  0  0  0  0  0
22210  s  3.80506  0.0986842  0.113954  1.24897  0.364718  0.274459  1.15776  13.9502  -0.831906  0.642475  13.9101  D+  50.7457  -1.4529  0.632255  50.6865  0  0  0  0  0  0  0  0  0  0  0  0  0  0  0  0  0  0
22266  s  2.22994  0.0562846  0.0817248  31.3974  -1.35637  -0.244871  31.3669  6.96874  0.102374  0.315569  6.96004  D+  30.4653  1.0009  1.10619  30.3713  0  0  0  0  0  0  0  0  0  0  0  0  0  0  0  0  0  0
22412  s  3.07337  0.068338  0.0845823  1.9731  -0.066521  -0.489974  1.90722  9.76046  0.0788727  0.068281  9.75933  D+  55.978  1.53158  1.50614  55.9055  0  0  0  0  0  0  0  0  0  0  0  0  0  0  0  0  0  0
22628  s  3.56682  0.0965922  0.11361  9.24505  -0.874575  -0.836389  9.1649  40.1772  1.82814  1.02759  40.1223  D+  62.7641  2.47298  0.833467  62.6819  0  0  0  0  0  0  0  0  0  0  0  0  0  0  0  0  0  0
22652  s  1.11134  0.0135874  0.0383372  30.9936  0.340123  -0.599463  30.9858  2.58765  -0.206563  -0.235071  2.56648  D+  28.9576  -0.214308  -0.149567  28.896  0  0  0  0  0  0  0  0  0  0  0  0  0  0  0  0  0  0
22764  s  4.25473  0.269054  0.302015  43.5781  -3.14855  0.00288837  43.464  0.940124  -0.0128229  -0.0276652  0.93367  D+  21.9971  1.81239  0.272607  21.8408  0  0  0  0  0  0  0  0  0  0  0  0  0  0  0  0  0  0
22782  s  4.44487  0.153391  0.170705  10.7957  -1.42477  -0.793758  10.6713  30.0589  0.800355  0.261006  30.0469  D0  44.0115  0.609673  0.722568  43.9618  0  0  0  0  0  0  0  0  0  0  0  0  0  0  0  0  0  0
23131  s  2.60344  0.122063  0.162466  49.8424  -1.96145  -0.632222  49.7996  4.61514  0.382301  -0.00567289  4.59806  D0  18.7879  1.15679  0.782638  18.6429  0  0  0  0  0  0  0  0  0  0  0  0  0  0  0  0  0  0
23878  s  3.16165  0.067974  0.0832407  1.06705  0.301423  0.168649  1.00406  6.0862  -0.634175  0.179167  6.0495  D+  46.3687  -0.839199  0.287763  46.3225  0  0  0  0  0  0  0  0  0  0  0  0  0  0  0  0  0  0
23884  s  1.38131  0.029142  0.0634964  44.5428  -1.02643  -0.106388  44.5307  6.41405  0.394694  -0.278698  6.39495  D+  16.5681  0.0913818  -0.211077  16.4607  0  0  0  0  0  0  0  0  0  0  0  0  0  0  0  0  0  0
23958  s  1.08143  0.00808004  0.0236241  2.86348  0.141769  0.186786  2.8519  25.7985  -0.095287  0.00329399  25.7981  D+  35.9799  -0.00283744  0.189483  35.9308  0  0  0  0  0  0  0  0  0  0  0  0  0  0  0  0  0  0
24068  s  0.985266  0.0223323  0.074084  55.713  0.471506  0.677823  55.7068  1.39566  -0.0345975  0.101042  1.38755  D+  18.0754  -0.328615  -0.019146  17.9755  0  0  0  0  0  0  0  0  0  0  0  0  0  0  0  0  0  0
24694  s  3.09025  0.0933035  0.115223  43.8912  -1.42861  -2.14389  43.8154  6.56059  0.564197  0.619734  6.50599  D0  16.6403  0.868999  0.169169  16.5118  0  0  0  0  0  0  0  0  0  0  0  0  0  0  0  0  0  0
24831  s  2.66833  0.107  0.140724  43.973  0.94366  -1.74471  43.9281  8.11004  -0.010703  -0.0735979  8.10901  D_s+  23.4641  0.0835193  0.598276  23.3736  0  0  0  0  0  0  0  0  0  0  0  0  0  0  0  0  0  0
24850  s  5.48325  0.284896  0.305701  21.7338  2.79299  0.86581  21.536  7.41742  -0.0766218  -0.0338516  7.4162  D+  29.9627  -2.33162  0.120158  29.813  0  0  0  0  0  0  0  0  0  0  0  0  0  0  0  0  0  0
24898  s  0.592714  0.00279658  0.0207072  12.4899  -0.118991  -0.177951  12.4876  19.3376  0.481067  -0.617339  19.3215  D+  49.2038  0.17786  0.121286  49.1678  0  0  0  0  0  0  0  0  0  0  0  0  0  0  0  0  0  0
24916  s  0.607106  0.00302459  0.0214879  14.494  0.143803  0.193499  14.4916  4.70991  0.114608  -0.384611  4.69159  Lambda_c+  49.4487  0.689718  -0.677703  49.3864  0  0  0  0  0  0  0  0  0  0  0  0  0  0  0  0  0  0
25354  s  1.51581  0.0267796  0.052995  33.7106  -0.784972  -0.593548  33.696  1.26762  0.276378  0.179791  1.21942  D+  24.1262  -0.472338  0.0138206  24.049  0  0  0  0  0  0  0  0  0  0  0  0  0  0  0  0  0  0
25600  s  1.86038  0.0264728  0.0436759  9.7632  -0.484471  -0.424753  9.74134  11.9944  0.404716  0.116684  11.9865  D0  62.3763  0.901646  0.41372  62.3405  0  0  0  0  0  0  0  0  0  0  0  0  0  0  0  0  0  0
25683  s  1.07916  0.0113002  0.0331302  24.5135  -0.592962  -0.00449774  24.5061  13.0133  0.206652  0.54913  12.9996  D0  34.9256  0.806567  -0.262337  34.8654  0  0  0  0  0  0  0  0  0  0  0  0  0  0  0  0  0  0
25749  s  1.51249  0.0328415  0.0651299  42.313  -0.884688  -0.656126  42.2985  1.53366  -0.0630541  0.172551  1.51895  D_s+  23.4661  0.978186  0.156555  23.3624  0  0  0  0  0  0  0  0  0  0  0  0  0  0  0  0  0  0
25846  s  1.89808  0.0292011  0.04743  13.6869  0.537547  -0.567501  13.6642  19.3092  -0.380231  -0.100872  19.3049  D0  48.6248  -0.214645  -0.523053  48.5857  0  0  0  0  0  0  0  0  0  0  0  0  0  0  0  0  0  0
26085  s  1.84837  0.026712  0.0442969  15.4963  0.673254  -0.616228  15.469  14.1786  -0.23205  -0.658824  14.161  D0  35.1058  -0.0113317  -0.407331  35.0539  0  0  0  0  0  0  0  0  0  0  0  0  0  0  0  0  0  0
26118  s  2.23917  0.0498773  0.0722385  22.417  -0.935814  -0.0826984  22.397  18.0829  0.315969  -0.600614  18.0699  D+  41.5942  0.499393  0.0815285  41.5491  0  0  0  0  0  0  0  0  0  0  0  0  0  0  0  0  0  0
26173  s  1.25933  0.0146322  0.0353886  21.6753  0.640284  0.120722  21.6652  3.24291  0.0153675  7.038e-06  3.24115  D+  50.4977  0.123647  0.110305  50.4628  0  0  0  0  0  0  0  0  0  0  0  0  0  0  0  0  0  0
26346  s  2.66094  0.0897046  0.118147  37.3702  1.15322  1.41186  37.3256  2.01071  -0.187518  -0.433689  1.95155  D0  23.2052  -0.944322  -1.14961  23.0823  0  0  0  0  0  0  0  0  0  0  0  0  0  0  0  0  0  0
26399  s  3.13565  0.0792696  0.0973638  8.91183  -1.10013  0.0515515  8.84288  12.4685  0.735195  -0.344813  12.4416  D+  26.9983  0.146719  -0.679755  26.9246  0  0  0  0  0  0  0  0  0  0  0  0  0  0  0  0  0  0
26441  s  0.854669  0.00627375  0.0255976  17.3875  0.246602  0.300565  17.3828  19.7388  0.091278  -0.200905  19.7372  D0  40.447  -0.146878  -0.478438  40.4009  0  0  0  0  0  0  0  0  0  0  0  0  0  0  0  0  0  0
26765  s  0.519268  0.00202609  0.0189325  8.30601  0.182674  -0.00114983  8.30333  8.10587  -0.049137  -0.343712  8.09775  D+  26.2477  0.306298  0.697467  26.17  0  0  0  0  0  0  0  0  0  0  0  0  0  0  0  0  0  0
26807  s  1.99222  0.0650791  0.101933  42.3804  1.10119  -1.09039  42.3519  7.50251  -0.291591  -0.542401  7.47644  D+  17.9622  -1.10037  -0.0291979  17.8307  0  0  0  0  0  0  0  0  0  0  0  0  0  0  0  0  0  0
27071  s  3.0344  0.123688  0.153801  36.1163  -0.803893  -2.08012  36.0472  2.08587  0.582631  0.123805  1.99622  D_s+  15.6679  0.469872  0.141492  15.536  0  0  0  0  0  0  0  0  0  0  0  0  0  0  0  0  0  0
27398  s  1.08672  0.00901342  0.0261846  9.61156  -0.234309  0.279516  9.60406  31.5407  0.584277  -0.896072  31.5224  D+  47.2774  1.12596  -1.25197  47.2104  0  0  0  0  0  0  0  0  0  0  0  0  0  0  0  0  0  0
27520  s  2.51986  0.102172  0.138293  46.3149  -1.89345  0.333007  46.2749  15.6337  1.50576  -0.256558  15.5585  Lambda_c+  32.5656  2.41323  0.22483  32.3946  0  0  0  0  0  0  0  0  0  0  0  0  0  0  0  0  0  0
28176  s  3.99764  0.135325  0.154254  25.3298  -2.13269  -0.858988  25.225  12.1504  0.279461  0.290926  12.1432  Lambda_c+  44.8166  0.0390569  1.62527  44.7287  0  0  0  0  0  0  0  0  0  0  0  0  0  0  0  0  0  0
28291  s  1.35441  0.0271007  0.0603313  2.3304  -0.0799024  -0.05791  2.32591  6.04851  0.0756007  -0.186474  6.04424  D0  22.1886  -0.906011  -0.305323  22.0894  0  0  0  0  0  0  0  0  0  0  0  0  0  0  0  0  0  0
28303  s  0.944881  0.0128013  0.0450592  36.3033  -0.477169  0.452512  36.2972  5.4512  -0.182289  0.0787992  5.44656  D+  24.9067  0.231868  -0.223006  24.8343  0  0  0  0  0  0  0  0  0  0  0  0  0  0  0  0  0  0
28438  s  0.821391  0.0172969  0.0749725  58.6467  0.406455  0.574444  58.6424  9.56543  -0.102345  -0.209532  9.562  D+  16.1672  -0.00014774  -1.25449  16.0097  0  0  0  0  0  0  0  0  0  0  0  0  0  0  0  0  0  0
28601  s  3.43041  0.112281  0.13366  23.5812  -1.58852  -0.978091  23.5071  3.26925  0.0172867  -0.154896  3.26382  D0  30.1375  0.150731  0.598652  30.0734  0  0  0  0  0  0  0  0  0  0  0  0  0  0  0  0  0  0
28628  s  1.1507  0.0103767  0.0280078  11.4339  0.16903  -0.390383  11.4255  3.87993  0.391648  -0.0284066  3.85856  D+  34.7395  -0.00968588  0.389027  34.687  0  0  0  0  0  0  0  0  0  0  0  0  0  0  0  0  0  0
28959  s  2.13288  0.0521697  0.0779484  22.7707  -0.246728  0.911462  22.7509  7.12682  0.0464041  0.120551  7.12486  tau+  22.5302  0.0499074  -0.614848  22.4515  0  0  0  0  0  0  0  0  0  0  0  0  0  0  0  0  0  0
29190  s  1.34279  0.0200325  0.0450251  31.3061  0.700581  -0.448568  31.2948  0.447366  0.0124693  -0.108051  0.420882  D0  26.7587  -0.529878  0.581223  26.6821  0  0  0  0  0  0  0  0  0  0  0  0  0  0  0  0  0  0
29249  s  3.90243  0.107729  0.123566  4.10089  0.129824  0.865784  4.00496  12.7849  -0.436272  0.335922  12.7726  D_s+  58.597  0.110917  0.219891  58.5634  0  0  0  0  0  0  0  0  0  0  0  0  0  0  0  0  0  0
29835  d  1.21772  0.109772  0.1097  72.2343  -0.347654  1.10747  72.2249  0.178207  0.0971655  0.0522982  0.0917469  eta  0.627549  0.0943392  -0.0329936  0.289291  0.254704  0.137573  0.0483804  0.18012  eta  0.627549  0.0943392  -0.0329936  0.289291  0  0  0  0  0  0  0  0  0
29957  s  2.53262  0.123476  0.166667  37.9179  0.275785  1.85817  37.8712  5.12336  -0.0837497  -0.442002  5.10248  D+  15.2218  0.067776  -1.40952  15.0405  0  0  0  0  0  0  0  0  0  0  0  0  0  0  0  0  0  0
30126  s  2.47433  0.105659  0.1444  48.555  -1.82627  0.633476  48.5164  3.94295  0.517904  -0.362473  3.89051  D+  26.433  0.968083  -1.6116  26.2997  0  0  0  0  0  0  0  0  0  0  0  0  0  0  0  0  0  0
30187  s  2.48928  0.0432806  0.058981  3.13818  -0.46351  -0.133104  3.09911  28.2044  0.552421  0.265147  28.1976  D+  55.4938  0.389873  -0.13318  55.4607  0  0  0  0  0  0  0  0  0  0  0  0  0  0  0  0  0  0
30307  s  2.15102  0.0360237  0.0535301  10.9875  -0.776058  -0.165162  10.9584  21.8903  0.198791  -0.453019  21.8845  D+  41.5288  0.621712  -0.105205  41.4819  0  0  0  0  0  0  0  0  0  0  0  0  0  0  0  0  0  0
30638  s  1.78364  0.0361191  0.0616508  32.3257  0.370712  -1.08116  32.3053  4.69052  0.0985781  -0.0264375  4.68822  D+  31.8882  0.0233577  -0.145984  31.833  0  0  0  0  0  0  0  0  0  0  0  0  0  0  0  0  0  0
30782  s  1.13994  0.0100858  0.0275475  10.7743  -0.129922  0.386862  10.7661  18.6189  -0.344837  -0.164603  18.6147  D0  49.84  -0.0782024  -1.47417  49.7832  0  0  0  0  0  0  0  0  0  0  0  0  0  0  0  0  0  0
30788  s  0.688739  0.00373848  0.0214704  11.8159  -0.156363  -0.191314  11.8129  4.47367  -0.223084  -0.133281  4.46487  D+  56.385  0.284238  0.222561  56.3528  0  0  0  0  0  0  0  0  0  0  0  0  0  0  0  0  0  0
31132  s  1.38374  0.0143833  0.0312824  2.71957  0.0222266  -0.289746  2.70193  1.38902  0.35081  -0.0602002  1.33848  D0  16.8544  -0.0253652  0.208171  16.7496  0  0  0  0  0  0  0  0  0  0  0  0  0  0  0  0  0  0
31147  s  2.30772  0.064673  0.0919617  35.3961  1.19752  -0.95655  35.3628  8.68608  -0.236912  -0.17218  8.6805  Lambda_c+  33.4952  -1.55461  -0.0228559  33.3808  0  0  0  0  0  0  0  0  0  0  0  0  0  0  0  0  0  0
31212  s  2.30707  0.12158  0.172851  56.1035  1.42196  1.31643  56.07  3.22632  -0.295098  -0.561245  3.16163  D0  15.5035  -0.0450683  -1.15768  15.3473  0  0  0  0  0  0  0  0  0  0  0  0  0  0  0  0  0  0
32123  s  4.68401  0.207415  0.228406  23.0643  -0.377376  2.4902  22.9262  2.58963  -0.17485  -0.172309  2.5758  Lambda_c+  39.8494  1.51824  -2.24324  39.6914  0  0  0  0  0  0  0  0  0  0  0  0  0  0  0  0  0  0
32237  s  2.41946  0.0437401  0.0605366  9.94567  0.811789  -0.553317  9.89647  15.7837  0.147161  -0.139351  15.782  D+  40.8317  -0.548192  -0.396291  40.7832  0  0  0  0  0  0  0  0  0  0  0  0  0  0  0  0  0  0
32328  s  2.39486  0.0507821  0.070683  17.1836  -0.272147  1.10173  17.1458  3.6667  -0.0186628  -0.242405  3.65711  D+  45.9362  -0.521537  -1.28776  45.8771  0  0  0  0  0  0  0  0  0  0  0  0  0  0  0  0  0  0
32341  s  1.4779  0.0338191  0.0686434  45.0161  0.477777  1.00226  45.0023  4.08554  0.43723  -0.234036  4.05395  D0  18.591  -0.099902  -1.386  18.445  0  0  0  0  0  0  0  0  0  0  0  0  0  0  0  0  0  0
32477  s  2.18459  0.105176  0.154666  55.2524  1.40446  -1.1588  55.2223  3.72701  0.0593243  0.530944  3.687  D_s+  20.506  -0.909453  1.31626  20.3485  0  0  0  0  0  0  0  0  0  0  0  0  0  0  0  0  0  0
32638  s  3.80977  0.104255  0.120342  5.24296  0.0366574  -0.968448  5.15153  18.7484  0.661046  0.633222  18.7258  D0  48.0874  0.248068  0.771736  48.0444  0  0  0  0  0  0  0  0  0  0  0  0  0  0  0  0  0  0
32762  s  1.89182  0.0377789  0.0615157  28.2234  0.556259  -1.15802  28.1939  5.13145  0.392496  -0.24135  5.10963  D+  16.8144  0.175441  0.0145901  16.7092  0  0  0  0  0  0  0  0  0  0  0  0  0  0  0  0  0  0
32768  s  3.14486  0.121744  0.149333  36.142  -0.34984  2.0899  36.0796  2.2055  0.288145  -0.0536586  2.18338  D+  36.553  0.263961  -0.640421  36.4986  0  0  0  0  0  0  0  0  0  0  0  0  0  0  0  0  0  0
32839  s  0.68247  0.00338629  0.0197442  6.13619  0.107699  -0.11862  6.13319  11.7622  -0.00060183  0.611743  11.7458  D0  48.9319  0.618179  -0.217065  48.892  0  0  0  0  0  0  0  0  0  0  0  0  0  0  0  0  0  0
33721  s  2.80759  0.0652777  0.0838782  15.0834  0.912082  -0.808337  15.0337  20.2386  -0.566319  0.822562  20.2137  D0  49.0109  -0.138011  1.00318  48.965  0  0  0  0  0  0  0  0  0  0  0  0  0  0  0  0  0  0
33725  s  3.09414  0.0821996  0.101469  17.3671  1.15766  0.860604  17.3068  21.9073  -0.523961  -0.160063  21.9001  D0  40.454  -1.16322  -0.958835  40.3829  0  0  0  0  0  0  0  0  0  0  0  0  0  0  0  0  0  0
33997  s  1.68201  0.026505  0.0475767  21.19  1.16491  0.0880077  21.1576  3.46777  -0.533249  -0.446521  3.39566  D+  25.5356  -0.635893  -0.724289  25.4488  0  0  0  0  0  0  0  0  0  0  0  0  0  0  0  0  0  0
34412  s  2.08625  0.0979448  0.148491  55.754  1.74468  0.0754544  55.7266  1.09102  0.158698  0.00815545  1.0742  D+  17.6999  -1.37788  0.0724939  17.5467  0  0  0  0  0  0  0  0  0  0  0  0  0  0  0  0  0  0
34431  d  3.7537  0.268257  0.267833  51.4169  2.21976  2.04103  51.3283  1.02235  0.708871  -0.125208  0.718231  rho0  1.5005  0.443519  -0.31361  1.05224  0.478152  -0.265352  -0.188401  0.334004  rho0  1.5005  0.443519  -0.31361  1.05224  0  0  0  0  0  0  0  0  0
34485  s  2.40477  0.0597536  0.082973  27.8596  -1.16253  0.817432  27.8231  5.49351  0.00661573  -0.505436  5.46918  D0  33.0681  0.29146  -0.332147  33.0125  0  0  0  0  0  0  0  0  0  0  0  0  0  0  0  0  0  0
35085  s  2.79947  0.0914947  0.117699  33.7874  -1.2429  1.33413  33.738  7.60631  -0.0973322  -0.0275173  7.6049  D+  26.7486  0.454923  -0.642613  26.6716  0  0  0  0  0  0  0  0  0  0  0  0  0  0  0  0  0  0
35466  s  2.10173  0.0528386  0.0797278  34.8834  0.0297836  1.38994  34.8555  10.6588  -0.101384  0.196829  10.656  D+  37.6906  -0.296123  -1.68237  37.6054  0  0  0  0  0  0  0  0  0  0  0  0  0  0  0  0  0  0
35917  d  1.37477  0.0374384  0.0374301  52.5309  0.343983  1.06191  52.5189  0.662473  0.122351  0.546429  0.337864  eta  1.39144  0.138513  0.889988  0.908138  0.153801  0.0627291  0.0464747  0.079974  eta  1.39144  0.138513  0.889988  0.908138  0  0  0  0  0  0  0  0  0
35954  s  2.31199  0.0717168  0.101862  39.7146  -0.299991  -1.60493  39.6808  1.68955  -0.112787  -0.238097  1.66553  D0  25.7573  -0.114359  0.377098  25.6867  0  0  0  0  0  0  0  0  0  0  0  0  0  0  0  0  0  0
36365  s  2.84424  0.0704939  0.0900629  20.404  -1.36692  1.01625  20.3325  11.8672  0.288689  -0.608143  11.8476  D+  47.3557  1.1105  -0.63057  47.3015  0  0  0  0  0  0  0  0  0  0  0  0  0  0  0  0  0  0
36423  s  1.55052  0.0248441  0.0480886  21.618  0.195308  0.858191  21.5998  9.46344  -0.151551  0.329994  9.45588  D+  23.7416  -0.975045  -0.561836  23.6411  0  0  0  0  0  0  0  0  0  0  0  0  0  0  0  0  0  0
36621  s  0.928552  0.00984228  0.0355244  32.75  0.590526  -0.0132091  32.7445  3.35354  0.00384459  -0.0570758  3.35139  D+  41.3667  -0.584998  -0.330735  41.319  0  0  0  0  0  0  0  0  0  0  0  0  0  0  0  0  0  0
36827  s  3.20443  0.115399  0.140589  36.8526  2.48853  -0.198518  36.7677  12.3824  0.0242199  0.726811  12.3606  D0  25.6522  -0.763971  0.721016  25.5628  0  0  0  0  0  0  0  0  0  0  0  0  0  0  0  0  0  0
36881  s  0.820465  0.00703293  0.0305387  28.4264  -0.300193  -0.378946  28.4221  1.40288  0.244469  0.108314  1.3731  D+  32.3083  0.330975  -0.294622  32.2511  0  0  0  0  0  0  0  0  0  0  0  0  0  0  0  0  0  0
36896  s  3.69668  0.160975  0.187301  34.1946  1.02615  2.19454  34.1085  3.52731  0.340831  0.0572829  3.50875  D+  26.6876  -0.28417  -1.33984  26.5868  0  0  0  0  0  0  0  0  0  0  0  0  0  0  0  0  0  0
36939  s  2.15696  0.0588264  0.0872453  21.6869  -0.632716  1.3362  21.6362  3.59334  0.0737364  -0.232928  3.58346  D+  20.0744  1.04667  -0.655109  19.9489  0  0  0  0  0  0  0  0  0  0  0  0  0  0  0  0  0  0
37314  s  3.43031  0.0868217  0.10337  7.20904  0.872597  -0.539316  7.1349  18.9754  -0.275079  -0.0255207  18.9731  D0  63.9921  -1.27362  -0.496229  63.9503  0  0  0  0  0  0  0  0  0  0  0  0  0  0  0  0  0  0
37408  s  4.27023  0.165783  0.186056  12.373  -0.832012  -1.68844  12.2285  16.3838  0.485567  -0.198702  16.375  D+  43.3222  1.65861  0.892557  43.2408  0  0  0  0  0  0  0  0  0  0  0  0  0  0  0  0  0  0
37450  s  1.99269  0.0928294  0.14535  56.638  -1.43426  -0.877706  56.613  2.39758  -0.11213  0.355364  2.36609  D+  17.0642  0.508913  -0.435931  16.9483  0  0  0  0  0  0  0  0  0  0  0  0  0  0  0  0  0  0
37617  s  0.56164  0.00219283  0.0178338  2.77571  -0.00863706  -0.0130386  2.77365  11.7384  -0.471724  0.103652  11.728  D+  60.7331  -0.722275  -1.19988  60.6882  0  0  0  0  0  0  0  0  0  0  0  0  0  0  0  0  0  0
38479  s  0.834297  0.0104995  0.0444365  44.1052  -0.433819  0.439659  44.1008  7.47452  0.0304329  -0.0894257  7.47318  D+  31.0462  0.866044  -0.771406  30.9681  0  0  0  0  0  0  0  0  0  0  0  0  0  0  0  0  0  0
38931  s  3.63609  0.105878  0.123819  12.8894  0.664081  1.29926  12.8061  5.99027  -0.0137329  -0.0554978  5.98907  D+  38.5277  -0.242672  -0.966341  38.4695  0  0  0  0  0  0  0  0  0  0  0  0  0  0  0  0  0  0
39365  s  2.24342  0.0894536  0.129376  49.4505  1.74982  0.257158  49.4187  3.98211  -0.390441  0.373584  3.94386  D0  26.2013  -2.10061  0.221051  26.0494  0  0  0  0  0  0  0  0  0  0  0  0  0  0  0  0  0  0
39559  s  3.05375  0.0645335  0.0800734  2.42717  -0.466959  0.229395  2.3684  10.1162  -0.000833855  0.328958  10.1103  D+  43.25  -0.300841  0.0947127  43.2085  0  0  0  0  0  0  0  0  0  0  0  0  0  0  0  0  0  0
39824  s  0.895604  0.0230684  0.0877658  60.9037  0.777742  0.0865246  60.8986  6.00648  -0.993884  0.520244  5.89985  D0  12.2198  -0.905431  0.0401374  12.0426  0  0  0  0  0  0  0  0  0  0  0  0  0  0  0  0  0  0
41473  s  3.90899  0.109476  0.125515  18.3222  -0.618315  1.88  18.2147  8.78644  0.270364  -0.794037  8.74567  D+  23.9292  0.461181  -0.149729  23.8511  0  0  0  0  0  0  0  0  0  0  0  0  0  0  0  0  0  0
42787  s  3.16069  0.0718413  0.0879844  5.33042  -0.576712  -0.568694  5.26747  4.29261  0.0226364  -0.189403  4.28707  D+  36.9512  0.776705  0.341251  36.8941  0  0  0  0  0  0  0  0  0  0  0  0  0  0  0  0  0  0
43694  s  1.68324  0.0231359  0.041503  14.1727  -0.574817  0.406966  14.1548  15.9271  0.165876  0.583128  15.9152  D+  34.2425  0.55341  0.0864454  34.1868  0  0  0  0  0  0  0  0  0  0  0  0  0  0  0  0  0  0
43809  s  1.86181  0.0383734  0.0632673  31.2957  0.394751  -1.09664  31.2738  7.24852  -0.927456  0.138219  7.18684  D0  30.8552  -1.43864  0.876662  30.7527  0  0  0  0  0  0  0  0  0  0  0  0  0  0  0  0  0  0
44112  s  2.43657  0.0559711  0.077158  34.0492  0.705347  -1.50469  34.0084  1.62715  0.279343  -0.056066  1.59852  D0  18.6563  -0.164254  0.556615  18.5537  0  0  0  0  0  0  0  0  0  0  0  0  0  0  0  0  0  0
44314  s  4.82897  0.16617  0.182024  4.65072  -0.870299  -0.758819  4.50387  15.8074  0.393993  0.92169  15.7752  D_s+  54.0842  1.06467  1.64068  54.0129  0  0  0  0  0  0  0  0  0  0  0  0  0  0  0  0  0  0
44736  d  3.04581  0.0763162  0.0762818  14.6546  1.15343  0.607115  14.5962  0.459225  -0.0924674  0.0824666  0.429386  eta  2.83516  0.0191094  0.283352  2.76719  2.29221  0.164842  0.179817  2.27675  eta  2.83516  0.0191094  0.283352  2.76719  0  0  0  0  0  0  0  0  0
44773  s  2.87326  0.0589683  0.0750134  4.75671  0.221187  0.717787  4.69585  14.5306  -0.624036  -0.235888  14.5149  D+  56.0303  -0.206034  -0.678496  55.9946  0  0  0  0  0  0  0  0  0  0  0  0  0  0  0  0  0  0
45033  s  2.19695  0.0958828  0.140501  52.6078  1.04556  1.44869  52.5774  0.456812  0.00219656  0.14173  0.421214  D+  17.8499  0.34288  -0.406511  17.7437  0  0  0  0  0  0  0  0  0  0  0  0  0  0  0  0  0  0
45436  s  1.85225  0.0690209  0.114239  52.9434  1.49718  -0.20227  52.9218  2.62778  -0.282256  0.415145  2.57722  D0  17.2533  0.17394  0.325433  17.1483  0  0  0  0  0  0  0  0  0  0  0  0  0  0  0  0  0  0
45499  s  1.94321  0.117386  0.187201  57.2646  -1.32131  1.10811  57.2385  3.89095  -0.656955  -0.778212  3.75382  D+  10.3277  0.00758402  -1.24259  10.0808  0  0  0  0  0  0  0  0  0  0  0  0  0  0  0  0  0  0
45514  cbar  3.52913  0.131795  0.131693  38.4602  -2.51805  0.624703  38.3725  0.790511  0.0534035  -0.23284  0.746108  Lambda_c+  4.94942  1.23921  -0.290978  4.20102  0  0  0  0  0  0  0  0  0  0  0  0  0  0  0  0  0  0
45571  s  3.73247  0.11406  0.132393  19.6529  1.93286  -0.854345  19.5387  12.5424  -0.88418  0.257196  12.5082  D+  25.0373  -1.02163  0.335865  24.9443  0  0  0  0  0  0  0  0  0  0  0  0  0  0  0  0  0  0
45701  s  2.52135  0.124712  0.168727  52.2685  -1.77519  1.01314  52.2285  5.80301  0.0677582  -0.739515  5.75433  D+  16.2996  1.40864  -1.00501  16.0993  0  0  0  0  0  0  0  0  0  0  0  0  0  0  0  0  0  0
45746  s  0.770842  0.00939065  0.044947  48.3311  -0.59873  -0.211211  48.3268  4.08467  0.116725  -0.0579678  4.08122  D+  13.0954  0.598517  -0.200358  12.9459  0  0  0  0  0  0  0  0  0  0  0  0  0  0  0  0  0  0
45788  s  4.12878  0.121265  0.137172  16.8503  2.03508  -1.29799  16.6762  3.94193  -0.14432  0.51665  3.90384  D+  22.5714  -0.610074  0.426462  22.4815  0  0  0  0  0  0  0  0  0  0  0  0  0  0  0  0  0  0
45969  s  1.71529  0.0664822  0.117277  55.8492  -0.710496  1.24908  55.8306  0.164405  0.0476087  -0.0409298  0.109194  Lambda_c+  22.1126  -0.134606  -0.383716  21.9904  0  0  0  0  0  0  0  0  0  0  0  0  0  0  0  0  0  0
46301  s  2.22903  0.0370659  0.0538393  6.73432  0.330033  0.5991  6.69866  5.74871  0.145494  0.255214  5.74023  D+  36.4311  0.378776  -1.12595  36.3637  0  0  0  0  0  0  0  0  0  0  0  0  0  0  0  0  0  0
46663  s  1.094  0.0280212  0.0806866  56.672  -0.622498  0.680537  56.6644  1.99706  -0.0870797  -0.258165  1.97557  D_s+  15.4566  -0.486727  -1.54462  15.245  0  0  0  0  0  0  0  0  0  0  0  0  0  0  0  0  0  0
46722  s  1.22235  0.0719366  0.180187  57.4428  0.341258  1.03307  57.4324  2.57474  0.148067  -0.0819397  2.567  D+  13.3005  0.242111  -0.904741  13.1351  0  0  0  0  0  0  0  0  0  0  0  0  0  0  0  0  0  0
46813  s  1.33012  0.021093  0.047912  34.7353  -0.731782  0.481404  34.7241  18.449  -0.442556  -0.239391  18.4418  D+  41.4296  -0.0206644  -0.850025  41.3787  0  0  0  0  0  0  0  0  0  0  0  0  0  0  0  0  0  0
46953  s  0.580243  0.00236328  0.0181565  3.51453  0.0627223  0.0169592  3.51234  27.078  -0.336949  0.870184  27.0617  D0  64.8538  0.224672  0.734039  64.8224  0  0  0  0  0  0  0  0  0  0  0  0  0  0  0  0  0  0
46986  s  0.327123  0.000850523  0.0187336  12.386  0.0762427  -0.0380711  12.3853  3.61737  0.295433  0.234309  3.59611  D+  38.2274  0.148618  -0.638075  38.176  0  0  0  0  0  0  0  0  0  0  0  0  0  0  0  0  0  0
47236  s  2.244  0.034268  0.0495697  1.12631  -0.202028  -0.136275  1.09455  7.38328  0.0856648  -0.426869  7.36968  D+  63.3953  0.453933  -0.235528  63.3657  0  0  0  0  0  0  0  0  0  0  0  0  0  0  0  0  0  0
47273  s  2.1341  0.0536707  0.0801601  44.4961  0.260543  1.67288  44.4638  1.7253  -0.206313  -0.216395  1.6959  D+  23.5197  -1.51252  -0.689835  23.3863  0  0  0  0  0  0  0  0  0  0  0  0  0  0  0  0  0  0
48122  s  1.64859  0.0193021  0.0352776  20.3384  0.619422  -0.80728  20.3127  17.5386  -0.056848  0.0120281  17.5382  D0  34.3046  -0.349165  0.345843  34.2504  0  0  0  0  0  0  0  0  0  0  0  0  0  0  0  0  0  0
48311  s  1.10377  0.0169524  0.0482558  41.1358  -0.705551  -0.357321  41.1281  1.85063  0.189036  0.0499994  1.83724  D0  27.8989  1.29194  -0.41828  27.8034  0  0  0  0  0  0  0  0  0  0  0  0  0  0  0  0  0  0
48420  s  4.00015  0.118487  0.135054  18.141  -1.71183  -1.07666  18.0276  9.78297  0.116704  -0.0177743  9.78168  D0  44.1664  0.565317  1.9845  44.0788  0  0  0  0  0  0  0  0  0  0  0  0  0  0  0  0  0  0
48608  s  0.47673  0.00163037  0.017771  5.1481  0.0610873  0.0235632  5.1466  2.15311  -0.0239457  0.146294  2.1454  D0  30.2188  0.604264  -0.0947171  30.155  0  0  0  0  0  0  0  0  0  0  0  0  0  0  0  0  0  0
48751  s  0.690683  0.00363123  0.0207576  9.42493  -0.182939  0.115247  9.42185  9.42598  -0.29212  0.469914  9.40913  D0  53.9606  0.262274  0.594969  53.9245  0  0  0  0  0  0  0  0  0  0  0  0  0  0  0  0  0  0
49134  s  1.27181  0.0160662  0.038411  25.7822  -0.470195  0.544316  25.772  14.6652  0.0161226  -0.0641693  14.6647  D0  38.8099  -0.802167  -0.388855  38.7548  0  0  0  0  0  0  0  0  0  0  0  0  0  0  0  0  0  0
49184  s  1.41536  0.0507689  0.107759  58.4057  -1.18746  0.244493  58.393  0.612703  0.152938  -0.171503  0.558066  D+  15.077  1.3515  -0.18787  14.8983  0  0  0  0  0  0  0  0  0  0  0  0  0  0  0  0  0  0
49753  s  1.56444  0.0213065  0.0408888  18.2195  -0.309493  0.675832  18.2041  8.36481  0.562017  0.220581  8.34232  D+  25.1081  0.446833  -0.582763  25.0276  0  0  0  0  0  0  0  0  0  0  0  0  0  0  0  0  0  0
50337  s  1.68919  0.0778886  0.139243  59.9108  0.52123  -1.37017  59.8927  2.45091  0.228175  -0.230057  2.4271  Lambda_c+  16.2717  -0.945733  1.9248  15.9669  0  0  0  0  0  0  0  0  0  0  0  0  0  0  0  0  0  0
50830  s  3.25412  0.0830928  0.100699  11.5209  0.143354  -1.22528  11.4542  25.7693  -0.0144175  0.289866  25.7674  D+  59.4384  -0.843273  0.946086  59.3955  0  0  0  0  0  0  0  0  0  0  0  0  0  0  0  0  0  0
50855  s  0.823863  0.00475656  0.0205236  3.38999  0.122936  0.0561051  3.38565  22.0353  -0.220932  0.516784  22.0278  D0  63.7992  -0.10367  -0.374042  63.7707  0  0  0  0  0  0  0  0  0  0  0  0  0  0  0  0  0  0
51331  s  1.80055  0.0229667  0.0389007  4.20949  -0.0405757  -0.398959  4.18901  24.9083  -0.589091  0.668473  24.8922  D0  49.5448  -0.65866  1.06472  49.4938  0  0  0  0  0  0  0  0  0  0  0  0  0  0  0  0  0  0
51386  s  2.59368  0.0486337  0.0648813  5.72121  0.497435  0.474266  5.67879  25.709  0.341523  -0.288996  25.7049  D+  47.5833  -0.113791  -0.104107  47.5463  0  0  0  0  0  0  0  0  0  0  0  0  0  0  0  0  0  0
51636  s  1.26224  0.0185711  0.0447925  33.1927  -0.551649  -0.598025  33.1826  2.68396  0.347334  -0.1729  2.65367  D_s+  32.2173  0.898507  0.105367  32.1444  0  0  0  0  0  0  0  0  0  0  0  0  0  0  0  0  0  0
52105  s  1.9491  0.0432636  0.0688695  32.6394  -0.705755  1.02751  32.6154  7.12162  0.14674  -0.547589  7.09823  Lambda_c+  40.0681  -0.559468  -1.76337  39.96  0  0  0  0  0  0  0  0  0  0  0  0  0  0  0  0  0  0
52353  s  3.45274  0.0882759  0.104882  7.46689  -0.946086  -0.45805  7.39178  5.54202  0.421811  0.354101  5.51358  D0  39.3744  1.7114  0.0179671  39.293  0  0  0  0  0  0  0  0  0  0  0  0  0  0  0  0  0  0
52396  s  1.62773  0.0185931  0.0343789  3.49591  0.125057  0.300023  3.47916  7.49261  0.169005  0.391164  7.47974  D+  64.6645  0.777733  -0.617868  64.6298  0  0  0  0  0  0  0  0  0  0  0  0  0  0  0  0  0  0
52723  s  2.41961  0.0395688  0.054763  0.58716  -0.106759  0.139405  0.550238  8.98197  -0.101341  0.118615  8.97999  D+  38.9082  -0.500217  0.429883  38.8576  0  0  0  0  0  0  0  0  0  0  0  0  0  0  0  0  0  0
53267  s  3.57801  0.0995455  0.116972  10.8994  -1.25916  0.393739  10.8187  23.7976  0.344019  -1.0964  23.7696  D+  57.2107  0.0767097  -1.51574  57.16  0  0  0  0  0  0  0  0  0  0  0  0  0  0  0  0  0  0
53371  s  2.17367  0.0359348  0.0530359  9.36604  0.609164  -0.418682  9.33623  15.4057  0.00628937  0.518306  15.3966  D0  44.2429  0.294893  1.29048  44.1838  0  0  0  0  0  0  0  0  0  0  0  0  0  0  0  0  0  0
53617  s  1.63442  0.0262604  0.0483713  7.24065  0.181766  0.33319  7.22992  12.7633  0.409984  0.0945298  12.7559  D+  24.2539  -0.149315  0.113736  24.181  0  0  0  0  0  0  0  0  0  0  0  0  0  0  0  0  0  0
54083  s  2.78831  0.0586075  0.0755424  8.74084  0.758667  -0.517317  8.69183  4.7963  0.0221593  0.417422  4.77688  D0  52.5108  -0.903543  0.681181  52.4654  0  0  0  0  0  0  0  0  0  0  0  0  0  0  0  0  0  0
54289  d  5.41847  0.203304  0.20306  2.47558  -0.473611  -0.803565  2.2907  9.66779  0.0590339  0.497737  9.65421  eta  18.2061  0.108543  0.664673  18.1854  4.63898  -0.0786365  0.170968  4.63396  eta  18.2061  0.108543  0.664673  18.1854  0  0  0  0  0  0  0  0  0
54698  s  1.0744  0.022293  0.0657375  51.8396  -0.850508  0.161383  51.8323  5.3854  0.902078  -0.179607  5.30522  D+  20.7441  1.44904  -0.194955  20.6079  0  0  0  0  0  0  0  0  0  0  0  0  0  0  0  0  0  0
54755  s  1.83949  0.0383357  0.0638125  25.1434  -0.599378  0.777254  25.124  5.96809  -0.0916674  0.164606  5.96418  Lambda_c+  42.1721  1.46392  -1.0918  42.0705  0  0  0  0  0  0  0  0  0  0  0  0  0  0  0  0  0  0
54885  s  1.57708  0.0356894  0.067961  42.2735  0.563372  -1.00008  42.2578  5.07484  -0.518019  0.420287  5.0297  D_s+  27.327  -1.55797  0.978779  27.1939  0  0  0  0  0  0  0  0  0  0  0  0  0  0  0  0  0  0
54904  s  1.11393  0.00920452  0.0258935  2.41872  0.208434  0.0293355  2.40722  16.6759  -0.320757  -0.12457  16.672  D0  51.4854  -0.0597038  -0.540143  51.4488  0  0  0  0  0  0  0  0  0  0  0  0  0  0  0  0  0  0
54930  s  2.21255  0.0424211  0.061903  17.937  0.754902  -0.725236  17.9061  4.19869  -0.232939  0.134686  4.18872  D+  33.7676  -0.383329  -0.276063  33.7125  0  0  0  0  0  0  0  0  0  0  0  0  0  0  0  0  0  0
55072  s  3.20971  0.127063  0.154697  36.226  1.77327  -1.24243  36.1611  9.1278  -0.641077  -0.300758  9.09968  D+  28.4587  -2.15887  0.722195  28.3058  0  0  0  0  0  0  0  0  0  0  0  0  0  0  0  0  0  0
55294  s  3.11311  0.126902  0.156247  45.1009  -2.37338  -0.433787  45.0362  10.5083  0.65484  -0.234417  10.4848  D0  20.7894  1.44185  0.631271  20.6456  0  0  0  0  0  0  0  0  0  0  0  0  0  0  0  0  0  0
55616  s  2.71597  0.0759881  0.0991216  27.6967  -0.600801  -1.48362  27.6502  6.82394  -0.184218  0.00221401  6.82063  D+  30.9277  0.748505  0.19456  30.8614  0  0  0  0  0  0  0  0  0  0  0  0  0  0  0  0  0  0
55624  s  1.36669  0.0126421  0.0278686  17.3859  -0.592763  0.695396  17.3615  11.4213  -0.220719  0.676336  11.3986  D+  51.0566  -0.617091  1.39841  50.9994  0  0  0  0  0  0  0  0  0  0  0  0  0  0  0  0  0  0
55635  s  0.666677  0.00356661  0.0216215  17.4981  0.028328  0.344586  17.4943  20.8961  0.123748  -0.421387  20.8913  D+  36.5492  0.350153  -0.524202  36.4959  0  0  0  0  0  0  0  0  0  0  0  0  0  0  0  0  0  0
55804  d  4.81809  0.160777  0.160625  29.1342  0.636649  0.570269  29.1215  1.96555  0.0942996  -0.67374  1.84103  mu-  2.22124  0.0321261  -0.74026  2.09134  5.83313  -0.026659  0.213487  5.82821  mu+  5.75224  -0.0686735  0.167956  5.74841  0  0  0  0  0  0  0  0  0
55951  s  2.61355  0.0549518  0.0730291  13.1928  -0.121376  -1.0529  13.1497  2.35002  -0.116157  0.161731  2.33919  D+  52.6515  -1.18436  1.0485  52.5946  0  0  0  0  0  0  0  0  0  0  0  0  0  0  0  0  0  0
55955  s  1.39424  0.0265477  0.0572666  40.4125  -0.927492  0.350877  40.4002  1.25021  0.199952  0.159503  1.21919  D+  27.1575  -0.195655  -0.880653  27.078  0  0  0  0  0  0  0  0  0  0  0  0  0  0  0  0  0  0
56144  s  1.07311  0.0110762  0.0327152  24.0285  0.348101  0.468336  24.0212  10.3833  -0.237815  -0.364098  10.3737  D+  41.7233  0.232678  -0.0597663  41.6807  0  0  0  0  0  0  0  0  0  0  0  0  0  0  0  0  0  0
56255  s  1.02033  0.0105523  0.0333563  26.7966  0.455757  0.367036  26.79  5.98263  0.106059  -0.357469  5.97006  D+  45.3319  -0.743763  -0.0489397  45.2872  0  0  0  0  0  0  0  0  0  0  0  0  0  0  0  0  0  0
56664  s  0.986173  0.0299517  0.0992283  62.1296  -0.715672  -0.496011  62.1234  1.75493  0.327401  -0.301997  1.69417  D+  14.3773  0.571687  0.974801  14.2104  0  0  0  0  0  0  0  0  0  0  0  0  0  0  0  0  0  0
56853  s  5.3213  0.307166  0.330973  30.3078  -1.08641  3.09599  30.1295  0.469734  -0.0253296  0.00561003  0.456961  D0  32.7555  1.87019  -2.46847  32.5554  0  0  0  0  0  0  0  0  0  0  0  0  0  0  0  0  0  0
56857  s  1.66064  0.0661001  0.119983  57.2002  0.671528  -1.23753  57.1828  4.168  -0.0545773  0.496764  4.13659  D0  18.0736  0.180395  0.994802  17.9487  0  0  0  0  0  0  0  0  0  0  0  0  0  0  0  0  0  0
56962  s  1.00934  0.00718234  0.0230438  3.84456  0.161373  -0.112258  3.83808  8.70365  0.404018  0.497341  8.67939  D+  51.9308  0.697461  1.06184  51.8816  0  0  0  0  0  0  0  0  0  0  0  0  0  0  0  0  0  0
57091  s  0.394667  0.00114527  0.0176887  6.95694  -0.0536818  -0.0239365  6.95589  11.0362  -0.489291  -0.0522254  11.0247  D+  53.7047  0.0287837  0.814991  53.6659  0  0  0  0  0  0  0  0  0  0  0  0  0  0  0  0  0  0
57250  s  3.54402  0.237741  0.279936  51.9092  -0.0888854  -2.96456  51.8243  2.45766  0.276292  -0.0300756  2.43961  D0  11.3343  -0.263812  0.769458  11.1502  0  0  0  0  0  0  0  0  0  0  0  0  0  0  0  0  0  0
57360  s  2.43373  0.162639  0.224205  51.9644  -0.332987  -2.04792  51.9229  3.7286  0.795833  0.368436  3.62246  Lambda_c+  18.1563  0.908358  1.83714  17.8948  0  0  0  0  0  0  0  0  0  0  0  0  0  0  0  0  0  0
57487  s  0.741406  0.00852032  0.0433941  45.0535  0.11859  -0.541171  45.05  3.04953  0.0330939  0.352594  3.02705  D_s+  23.324  -1.41043  0.0197313  23.1979  0  0  0  0  0  0  0  0  0  0  0  0  0  0  0  0  0  0
57643  s  2.97366  0.0838911  0.105185  23.2624  1.52708  -0.496645  23.2067  4.77396  -0.0713515  -0.0824383  4.77155  D+  46.7904  -1.04444  0.485938  46.7388  0  0  0  0  0  0  0  0  0  0  0  0  0  0  0  0  0  0
57800  s  3.07396  0.11475  0.141977  35.5509  -2.01401  -0.403915  35.4914  8.99701  0.0920417  0.694105  8.9691  D+  29.3306  2.48407  1.79718  29.1099  0  0  0  0  0  0  0  0  0  0  0  0  0  0  0  0  0  0
58344  s  2.41507  0.0507773  0.0703444  18.2218  -1.0451  0.485579  18.1851  14.831  -0.446654  -0.0310854  14.8239  D0  41.4976  0.609043  -0.578624  41.4472  0  0  0  0  0  0  0  0  0  0  0  0  0  0  0  0  0  0
58679  s  1.08993  0.00829732  0.0240113  3.1365  -0.0586953  0.180783  3.12895  28.0571  -0.097146  0.0231907  28.0567  D+  71.4763  0.553278  0.218971  71.4493  0  0  0  0  0  0  0  0  0  0  0  0  0  0  0  0  0  0
58792  s  0.376778  0.00203455  0.0342805  42.2499  0.131129  0.230406  42.249  2.6292  -0.100964  -0.306934  2.60713  D0  32.1359  -0.332129  -0.123746  32.0798  0  0  0  0  0  0  0  0  0  0  0  0  0  0  0  0  0  0
59051  s  0.754803  0.00513758  0.0254264  6.20497  0.126533  0.200715  6.19953  22.1839  -0.666773  -0.47804  22.1685  tau+  46.2128  -0.0349452  -0.427903  46.1766  0  0  0  0  0  0  0  0  0  0  0  0  0  0  0  0  0  0
59059  d  2.98278  0.101361  0.1013  32.6577  0.114374  1.90659  32.6017  1.41518  0.00909331  0.0619083  1.40984  Sigma-  6.70655  0.0692044  -0.243602  6.59392  0  0  0  0  0  0  0  0  0  0  0  0  0  0  0  0  0  0
59292  s  1.0755  0.0718638  0.211562  70.855  -0.0312549  1.01467  70.8476  2.54918  -0.51258  0.0795531  2.49361  Lambda_c+  6.89001  0.163189  -1.4372  6.33657  0  0  0  0  0  0  0  0  0  0  0  0  0  0  0  0  0  0
59297  s  4.09014  0.186857  0.211755  31.723  2.47648  -0.728266  31.6176  6.44005  0.0285132  -0.426468  6.42498  D0  33.9313  -2.01696  -0.51859  33.8159  0  0  0  0  0  0  0  0  0  0  0  0  0  0  0  0  0  0
59467  s  2.22144  0.0662354  0.0963975  39.7303  -1.47332  0.539463  39.6991  3.33717  -0.145983  0.127314  3.32987  D0  29.201  0.226904  -0.591576  29.1345  0  0  0  0  0  0  0  0  0  0  0  0  0  0  0  0  0  0
59806  s  1.83791  0.0889852  0.14818  59.2041  1.5322  0.408319  59.1827  0.654316  -0.0237196  -0.163004  0.624366  D+  17.8932  -0.722736  -1.07694  17.7479  0  0  0  0  0  0  0  0  0  0  0  0  0  0  0  0  0  0
59916  s  3.3041  0.0811462  0.0978235  8.48243  1.02017  0.54667  8.40244  5.11015  0.176199  0.363757  5.09304  D0  26.7764  -0.289528  0.0150383  26.7098  0  0  0  0  0  0  0  0  0  0  0  0  0  0  0  0  0  0
60068  s  2.71876  0.107385  0.139984  42.7518  -0.637756  1.88792  42.7052  2.2008  0.186646  -0.0175508  2.19026  D0  16.5578  1.02292  -1.32952  16.3667  0  0  0  0  0  0  0  0  0  0  0  0  0  0  0  0  0  0
60073  s  2.14367  0.0725331  0.108001  43.949  -1.53461  -0.482912  43.9195  2.705  0.39263  -0.1217  2.67149  D+  14.4592  0.652544  0.0713158  14.3228  0  0  0  0  0  0  0  0  0  0  0  0  0  0  0  0  0  0
60474  s  2.28866  0.082729  0.118208  45.6928  -1.19575  -1.25595  45.6597  2.21474  0.336403  -0.2999  2.16583  D+  14.0223  -0.116146  0.395435  13.891  0  0  0  0  0  0  0  0  0  0  0  0  0  0  0  0  0  0
60590  s  3.46989  0.127682  0.151428  29.1819  1.3437  -1.61398  29.106  0.432031  0.0268492  0.0762283  0.411042  D+  37.2064  -0.713394  1.66294  37.1153  0  0  0  0  0  0  0  0  0  0  0  0  0  0  0  0  0  0
60740  s  3.39851  0.0918009  0.109625  12.3869  -0.655861  -1.16458  12.3141  9.65839  0.77426  0.253105  9.62339  D+  20.0184  0.524246  0.0320505  19.924  0  0  0  0  0  0  0  0  0  0  0  0  0  0  0  0  0  0
60979  s  2.12508  0.0689925  0.103325  44.5517  1.20715  1.03439  44.5232  12.6882  -0.924933  -0.600636  12.6397  D+  17.2746  -1.36345  -0.923241  17.0941  0  0  0  0  0  0  0  0  0  0  0  0  0  0  0  0  0  0
61758  s  4.16875  0.118313  0.133537  1.15791  0.287157  0.384563  1.04845  18.201  -0.272824  -0.0156836  18.1986  D+  62.2196  -1.42701  -0.952574  62.1678  0  0  0  0  0  0  0  0  0  0  0  0  0  0  0  0  0  0
61933  s  0.664423  0.0031335  0.0191038  6.37086  -0.0108624  0.167095  6.36778  7.47486  -0.352873  -0.098097  7.46513  D_s+  43.051  -0.755382  0.840894  42.9911  0  0  0  0  0  0  0  0  0  0  0  0  0  0  0  0  0  0
61954  cbar  2.54865  0.106084  0.106017  60.1765  1.92787  -1.55919  60.1253  2.04513  -0.520539  0.750297  1.82688  Lambda_c+  5.80674  -1.29436  0.630253  5.13982  0  0  0  0  0  0  0  0  0  0  0  0  0  0  0  0  0  0
62137  s  1.08885  0.0112263  0.0325292  23.1547  -0.581035  0.00555337  23.1472  29.5051  -0.0424752  0.396008  29.5022  D+  41.5078  0.261786  -0.088101  41.4647  0  0  0  0  0  0  0  0  0  0  0  0  0  0  0  0  0  0
62183  s  2.14612  0.0410988  0.0611612  20.753  0.201334  -1.20746  20.7166  5.32267  -0.658896  -0.176717  5.27772  D0  10.5286  -0.629838  0.258485  10.3398  0  0  0  0  0  0  0  0  0  0  0  0  0  0  0  0  0  0
62667  s  5.77519  0.322318  0.343408  26.8102  3.25691  -1.03139  26.5915  1.03446  -0.399561  -0.139982  0.937922  D+  17.508  -0.957082  0.285909  17.3792  0  0  0  0  0  0  0  0  0  0  0  0  0  0  0  0  0  0
62949  s  0.67528  0.00403876  0.0239662  19.2656  0.31955  0.0045994  19.2626  5.88535  -0.115437  0.399778  5.86967  Lambda_c+  55.968  -0.688499  0.48211  55.9149  0  0  0  0  0  0  0  0  0  0  0  0  0  0  0  0  0  0
63163  s  0.874531  0.0217168  0.0855949  60.6658  0.678273  0.348415  60.6609  3.87783  -0.118433  -0.433108  3.8503  D0  17.1198  -1.03723  -0.890115  16.963  0  0  0  0  0  0  0  0  0  0  0  0  0  0  0  0  0  0
63186  s  1.19449  0.0128284  0.0330557  20.1633  -0.543107  0.242489  20.1542  2.19767  -0.0734192  -0.206875  2.18413  D0  50.8121  -0.0640747  -0.447992  50.7758  0  0  0  0  0  0  0  0  0  0  0  0  0  0  0  0  0  0
63307  d  4.03635  0.226688  0.226385  41.1335  -2.56778  1.35179  41.0309  15.2276  0.904667  -0.936807  15.1715  omega  22.8367  1.83402  -1.19202  22.7185  7.60907  0.929357  -0.255216  7.54705  omega  22.8367  1.83402  -1.19202  22.7185  0  0  0  0  0  0  0  0  0
63762  s  0.679421  0.0054138  0.0318008  33.9951  0.263206  -0.34912  33.9921  23.7213  -0.706501  -0.32217  23.7083  D+  34.833  -0.570138  -0.220086  34.7775  0  0  0  0  0  0  0  0  0  0  0  0  0  0  0  0  0  0
63773  s  0.848593  0.00618059  0.025491  17.3444  -0.0393886  0.383327  17.3398  4.67975  0.157977  0.302855  4.66607  D0  46.8547  -0.150454  0.249396  46.8167  0  0  0  0  0  0  0  0  0  0  0  0  0  0  0  0  0  0
64002  s  2.17584  0.0379453  0.0559665  15.2873  -0.911395  -0.63275  15.2466  17.61  0.579853  0.756751  17.5839  D+  51.2567  1.61104  1.08979  51.1856  0  0  0  0  0  0  0  0  0  0  0  0  0  0  0  0  0  0
64296  s  2.05332  0.0343324  0.0526437  13.9917  0.781217  0.34992  13.9651  7.49521  0.0757279  -0.390814  7.48389  D0  43.2034  0.79673  -0.598954  43.1516  0  0  0  0  0  0  0  0  0  0  0  0  0  0  0  0  0  0
64567  s  1.58284  0.0203396  0.0386011  13.7918  -0.594472  0.268579  13.776  6.4882  -0.422577  0.128174  6.4723  D+  15.6713  0.0568078  0.0778316  15.559  0  0  0  0  0  0  0  0  0  0  0  0  0  0  0  0  0  0
64947  s  2.9369  0.0762252  0.0960659  15.6497  0.343089  -1.28762  15.5925  4.03096  -0.000860285  -0.336285  4.01552  D+  40.5627  0.545345  1.59384  40.4846  0  0  0  0  0  0  0  0  0  0  0  0  0  0  0  0  0  0
65174  d  5.26394  0.218829  0.218546  11.9409  -1.5463  -1.31493  11.7666  0.196469  0.055967  0.049226  0.147921  omega  1.98679  0.0731068  0.122358  1.80975  1.54446  0.173399  0.0511185  1.5302  omega  1.98679  0.0731068  0.122358  1.80975  0  0  0  0  0  0  0  0  0
65228  s  1.34396  0.0188527  0.0423326  28.3777  0.0972812  -0.792787  28.3662  17.1451  -0.106192  0.719329  17.1293  D+  29.4839  -0.885209  1.1513  29.3887  0  0  0  0  0  0  0  0  0  0  0  0  0  0  0  0  0  0
65399  s  2.45753  0.06477  0.088866  29.7431  -0.387996  -1.44999  29.705  12.1555  -0.260201  0.630254  12.1359  D+  42.4576  -0.205366  2.07164  42.3653  0  0  0  0  0  0  0  0  0  0  0  0  0  0  0  0  0  0
65611  s  1.22455  0.0546842  0.136692  64.8201  1.05216  0.338334  64.8106  5.46614  -0.588584  -0.0536556  5.43307  D0  10.2706  -1.38555  -0.276044  10.0006  0  0  0  0  0  0  0  0  0  0  0  0  0  0  0  0  0  0
66416  cbar  3.20404  0.321211  0.320602  61.8011  2.95857  -0.211617  61.7297  0.674352  -0.342821  -0.166126  0.546317  Lambda_c+  7.51723  -0.32136  0.590126  7.12947  0  0  0  0  0  0  0  0  0  0  0  0  0  0  0  0  0  0
66560  s  2.02873  0.0362455  0.0560484  14.1526  -0.583028  -0.650087  14.1253  7.60742  -0.298322  0.269062  7.59607  D0  26.4713  1.07728  0.400965  26.3805  0  0  0  0  0  0  0  0  0  0  0  0  0  0  0  0  0  0
67019  s  1.71087  0.0585148  0.103458  52.776  -1.16258  0.767526  52.7575  7.55156  1.32296  -0.0881668  7.4335  D_s+  22.7476  1.50002  -1.50045  22.5627  0  0  0  0  0  0  0  0  0  0  0  0  0  0  0  0  0  0
67287  s  1.0645  0.00815945  0.0243597  5.42633  0.245401  0.0820648  5.41913  4.25331  -0.0157362  0.0929847  4.25095  D_s+  56.6011  -0.387907  0.549726  56.5629  0  0  0  0  0  0  0  0  0  0  0  0  0  0  0  0  0  0
67309  s  2.72823  0.110956  0.144403  49.2908  1.06012  1.99772  49.2388  2.51617  0.336901  -0.506237  2.4393  D_s+  16.3653  -0.578974  -1.7389  16.1428  0  0  0  0  0  0  0  0  0  0  0  0  0  0  0  0  0  0
67530  s  3.14117  0.0989582  0.121453  26.2988  1.65956  -0.708021  26.2366  3.76841  -0.32366  0.303208  3.74073  D+  44.4672  -1.01546  0.58166  44.4125  0  0  0  0  0  0  0  0  0  0  0  0  0  0  0  0  0  0
67836  s  1.84245  0.0247494  0.0411476  6.34141  0.212746  -0.463693  6.31998  15.4006  -0.493971  0.481594  15.3848  D0  59.5246  -1.20305  1.18675  59.4713  0  0  0  0  0  0  0  0  0  0  0  0  0  0  0  0  0  0
67887  s  2.48083  0.0434426  0.0593094  3.93799  -0.540936  0.0197034  3.89918  4.56398  0.127743  -0.0157387  4.56094  D0  42.3927  1.0093  -0.457947  42.3372  0  0  0  0  0  0  0  0  0  0  0  0  0  0  0  0  0  0
68885  s  1.31861  0.0148595  0.0340851  17.0775  -0.600825  -0.0627805  17.0664  24.8083  0.687388  0.134917  24.7982  D+  49.1109  0.663485  0.204255  49.0704  0  0  0  0  0  0  0  0  0  0  0  0  0  0  0  0  0  0
69031  s  2.06768  0.0304651  0.0464899  4.6494  -0.396557  0.285916  4.62242  7.84307  0.0182897  -0.294403  7.83681  D+  41.1743  0.951144  -0.0941931  41.1207  0  0  0  0  0  0  0  0  0  0  0  0  0  0  0  0  0  0
69048  s  1.53973  0.0951783  0.185404  66.1592  -0.521737  1.30395  66.1442  1.31823  -0.0715547  -0.103653  1.30794  D0  11.803  -0.40806  -1.19494  11.5861  0  0  0  0  0  0  0  0  0  0  0  0  0  0  0  0  0  0
69301  s  1.50671  0.016547  0.0329437  6.32231  -0.410709  -0.0390567  6.30795  4.26476  0.383935  0.0878247  4.24522  D+  53.8573  0.345028  -0.121109  53.8236  0  0  0  0  0  0  0  0  0  0  0  0  0  0  0  0  0  0
69760  s  1.83553  0.0408852  0.0681727  39.2281  -1.4049  0.179455  39.2024  5.30062  0.604756  -0.132405  5.26329  D0  17.9839  0.246385  0.117677  17.8849  0  0  0  0  0  0  0  0  0  0  0  0  0  0  0  0  0  0
70307  d  4.35213  0.162953  0.162796  17.4912  1.79932  0.954114  17.3719  0.635728  0.321486  0.0480508  0.536026  rho0  1.24914  0.309171  -0.512724  0.760714  0.613408  -0.0123146  -0.560775  0.224687  rho0  1.24914  0.309171  -0.512724  0.760714  0  0  0  0  0  0  0  0  0
70597  s  3.37247  0.0808128  0.0967536  4.43352  0.0308526  -0.786246  4.36186  5.47714  -0.150216  0.342276  5.46335  Lambda_c+  70.2269  -0.755895  0.375923  70.1846  0  0  0  0  0  0  0  0  0  0  0  0  0  0  0  0  0  0
70632  s  2.63073  0.107196  0.141956  22.6008  -1.06859  -1.20547  22.5431  2.35293  -0.366816  0.0878753  2.32009  D0  28.5678  0.140999  1.53107  28.4654  0  0  0  0  0  0  0  0  0  0  0  0  0  0  0  0  0  0
70876  s  1.35523  0.0171791  0.0382206  15.3376  0.245823  0.747602  15.3171  3.06985  -0.453561  -0.0630607  3.03367  D+  25.547  0.0683044  -0.61701  25.471  0  0  0  0  0  0  0  0  0  0  0  0  0  0  0  0  0  0
71432  d  2.98206  0.109079  0.109008  35.9884  -0.618775  1.90705  35.9324  4.69715  -0.21347  -0.380561  4.67565  omega  10.8764  -0.188668  -0.466514  10.8367  0.694879  -0.0313387  0.0821417  0.681149  omega  10.8764  -0.188668  -0.466514  10.8367  0  0  0  0  0  0  0  0  0
71606  s  1.9683  0.0369476  0.0583927  11.5858  -0.607364  -0.568209  11.5554  5.79748  0.306759  0.197022  5.78504  D0  41.7283  1.17842  1.03361  41.6572  0  0  0  0  0  0  0  0  0  0  0  0  0  0  0  0  0  0
71869  s  1.44887  0.0161003  0.0333538  9.95188  0.195771  0.463397  9.93859  3.71587  0.204374  -0.0457353  3.70846  D+  57.6054  -0.278011  -1.03807  57.565  0  0  0  0  0  0  0  0  0  0  0  0  0  0  0  0  0  0
72010  s  1.36885  0.0242245  0.0533057  37.4363  -0.58206  -0.712731  37.4249  2.05273  0.120013  0.19077  2.03758  D0  12.8924  0.103231  0.29635  12.7529  0  0  0  0  0  0  0  0  0  0  0  0  0  0  0  0  0  0
72044  s  1.72944  0.0311636  0.0545967  28.2874  0.829458  0.607943  28.2686  19.2729  -0.626253  -0.778672  19.2467  D0  31.4153  -0.430953  -0.554935  31.3521  0  0  0  0  0  0  0  0  0  0  0  0  0  0  0  0  0  0
72126  s  0.49527  0.00230179  0.0234152  22.6445  0.182578  0.16914  22.6429  3.26796  -0.0609288  0.26744  3.25471  D0  53.1488  0.213659  0.379689  53.1143  0  0  0  0  0  0  0  0  0  0  0  0  0  0  0  0  0  0
72346  s  3.17352  0.0954526  0.116712  7.49076  -0.813916  -0.842012  7.3979  21.1016  -0.467655  0.476183  21.0908  D0  44.3374  -0.684241  1.87208  44.2533  0  0  0  0  0  0  0  0  0  0  0  0  0  0  0  0  0  0
72517  s  1.48116  0.106209  0.215002  68.4224  -1.09238  -0.833637  68.4085  4.13086  0.200126  0.4675  4.09808  D0  6.90357  0.889937  0.381077  6.57604  0  0  0  0  0  0  0  0  0  0  0  0  0  0  0  0  0  0
72602  s  1.08699  0.0137917  0.0400515  33.779  -0.370348  -0.599023  33.7714  3.76198  -0.134935  0.1436  3.75533  D0  26.7888  0.736748  1.01955  26.6942  0  0  0  0  0  0  0  0  0  0  0  0  0  0  0  0  0  0
72717  s  0.658731  0.00373584  0.0231064  17.5358  -0.131165  -0.264354  17.533  9.46478  0.0993509  0.00609849  9.46367  Lambda_c+  59.783  0.134061  0.0177362  59.7391  0  0  0  0  0  0  0  0  0  0  0  0  0  0  0  0  0  0
73158  s  1.26055  0.0116714  0.0281963  6.88328  -0.299574  -0.194039  6.87321  9.38583  0.135202  0.0947699  9.38378  D+  31.4577  -0.12401  0.0354376  31.4018  0  0  0  0  0  0  0  0  0  0  0  0  0  0  0  0  0  0
73369  s  1.1339  0.0136224  0.0374583  36.4281  -0.816316  0.460196  36.4159  1.89506  -0.379617  0.120902  1.84969  D0  17.2518  0.111625  0.504384  17.1429  0  0  0  0  0  0  0  0  0  0  0  0  0  0  0  0  0  0
74069  s  1.92425  0.0302315  0.0485932  14.1642  -0.60482  -0.533603  14.1408  1.20244  -0.227466  0.0435214  1.17519  D0  36.2962  -0.237038  -0.556095  36.2432  0  0  0  0  0  0  0  0  0  0  0  0  0  0  0  0  0  0
74166  s  2.86469  0.0570775  0.0727022  8.04136  -0.759479  0.799451  7.96469  14.8597  -0.0294886  0.217505  14.8577  D+  36.7501  0.257512  -0.0645641  36.7016  0  0  0  0  0  0  0  0  0  0  0  0  0  0  0  0  0  0
74235  cbar  2.51804  0.117964  0.117882  59.0368  -0.964729  2.26839  58.9852  1.06224  0.238381  0.198765  1.01038  Lambda_c+  6.16614  0.2178  -0.0702778  5.72197  0  0  0  0  0  0  0  0  0  0  0  0  0  0  0  0  0  0
74260  s  1.65794  0.0539019  0.097992  52.2575  0.998651  0.8983  52.2401  2.8625  -0.286768  -0.48612  2.80432  D+  19.8776  -0.0971631  -1.2316  19.7509  0  0  0  0  0  0  0  0  0  0  0  0  0  0  0  0  0  0
75034  s  2.57871  0.0472199  0.0631796  4.5913  -0.0528288  0.873248  4.50594  9.00502  -0.446329  0.135422  8.99231  D_s+  42.0653  -0.170138  0.834438  42.0106  0  0  0  0  0  0  0  0  0  0  0  0  0  0  0  0  0  0
75756  s  2.08442  0.0377277  0.0572524  18.0632  -0.502568  0.852098  18.0358  6.80351  0.384449  -0.110944  6.79091  D0  50.3339  -0.0307562  -0.970209  50.29  0  0  0  0  0  0  0  0  0  0  0  0  0  0  0  0  0  0
75768  s  0.957941  0.0065219  0.0225121  4.45294  0.136677  0.148963  4.4471  0.276252  0.0128047  0.00908453  0.254764  D+  32.4724  -0.483004  -0.536167  32.4105  0  0  0  0  0  0  0  0  0  0  0  0  0  0  0  0  0  0
75844  s  3.32504  0.133257  0.16025  25.054  1.70645  0.89975  24.9794  2.7903  -0.229533  -0.231332  2.76919  D0  34.4567  -1.66452  0.217199  34.3653  0  0  0  0  0  0  0  0  0  0  0  0  0  0  0  0  0  0
75850  s  1.04974  0.0104083  0.0316584  22.9513  0.505548  0.232591  22.9443  5.75992  -0.146912  -0.155037  5.75499  D+  31.5864  -0.928027  -0.561503  31.5124  0  0  0  0  0  0  0  0  0  0  0  0  0  0  0  0  0  0
75963  s  1.00339  0.0087747  0.0283831  18.2802  -0.310675  0.355641  18.2738  10.2002  0.451614  0.718278  10.1643  D0  34.4728  -0.0390484  0.428847  34.4196  0  0  0  0  0  0  0  0  0  0  0  0  0  0  0  0  0  0
75992  s  3.98195  0.111633  0.12739  3.74255  -0.836808  0.161884  3.64268  8.76013  -0.137107  0.0608385  8.75821  D+  67.0929  0.54921  -0.10916  67.0646  0  0  0  0  0  0  0  0  0  0  0  0  0  0  0  0  0  0
76040  s  2.85927  0.154916  0.197371  42.0496  2.26431  0.181605  41.9881  0.772867  0.0901747  -0.0748986  0.756583  D0  14.2854  -1.20661  -0.224652  14.1098  0  0  0  0  0  0  0  0  0  0  0  0  0  0  0  0  0  0
76135  s  2.54566  0.0490821  0.0661043  9.07397  -0.196353  0.830765  9.0331  18.0565  -0.243277  -0.998937  18.0269  D+  53.6969  -0.948085  -1.35214  53.6389  0  0  0  0  0  0  0  0  0  0  0  0  0  0  0  0  0  0
76244  s  0.817077  0.00606082  0.0264861  20.7331  0.406327  0.0297808  20.7288  15.9465  0.122091  -0.191166  15.9445  D_s+  53.2288  -0.676094  -0.0339092  53.1881  0  0  0  0  0  0  0  0  0  0  0  0  0  0  0  0  0  0
76300  cbar  1.77762  0.0834025  0.0833613  54.3267  -1.48465  0.429565  54.3046  0.716807  -0.0528166  -0.488712  0.510901  Lambda_c+  7.21261  -0.339905  -0.302768  6.82544  0  0  0  0  0  0  0  0  0  0  0  0  0  0  0  0  0  0
76453  s  2.32562  0.06599  0.0934062  35.7572  1.42777  -0.623579  35.7231  1.85586  0.129138  0.00410955  1.84834  D+  36.4073  -0.66114  0.783898  36.3448  0  0  0  0  0  0  0  0  0  0  0  0  0  0  0  0  0  0
76502  s  4.89521  0.367147  0.400751  45.2313  3.58243  -1.38917  45.0677  4.26401  -0.167739  0.133218  4.25732  D0  14.6657  -2.18004  0.303052  14.3792  0  0  0  0  0  0  0  0  0  0  0  0  0  0  0  0  0  0
76835  s  0.954109  0.00702234  0.0243781  10.3523  0.0336967  0.328273  10.3465  21.8102  -0.518851  -0.44238  21.7993  D0  49.9466  -0.429497  -0.786128  49.9038  0  0  0  0  0  0  0  0  0  0  0  0  0  0  0  0  0  0
77103  s  3.07321  0.100595  0.124486  24.2111  -1.83588  0.378434  24.1382  11.4634  0.780005  -0.231932  11.434  D_s+  29.1834  0.757631  0.0700795  29.107  0  0  0  0  0  0  0  0  0  0  0  0  0  0  0  0  0  0
77194  s  3.47785  0.0817095  0.0968623  0.548558  0.056667  0.251843  0.472351  21.5884  0.367549  -0.357428  21.5821  D+  60.8837  0.722665  -1.51368  60.8319  0  0  0  0  0  0  0  0  0  0  0  0  0  0  0  0  0  0
77321  s  1.41667  0.0609982  0.129337  55.4612  0.714895  -1.04653  55.4466  0.746609  -0.396075  -0.0571774  0.621382  D+  13.5275  -1.7698  -0.0864236  13.2799  0  0  0  0  0  0  0  0  0  0  0  0  0  0  0  0  0  0
77406  s  3.1963  0.0949539  0.115801  22.0974  -0.610212  1.56765  22.033  3.23848  0.137463  -0.445316  3.20303  D+  33.0656  0.164478  -0.883893  33.0004  0  0  0  0  0  0  0  0  0  0  0  0  0  0  0  0  0  0
77812  s  1.37861  0.0178939  0.0390735  22.8322  0.431571  -0.593253  22.8202  1.45385  -0.0854112  0.207018  1.43261  D+  38.2562  -0.90233  0.429604  38.1974  0  0  0  0  0  0  0  0  0  0  0  0  0  0  0  0  0  0
78017  s  2.28335  0.0926816  0.132606  49.4556  0.0559518  1.79935  49.4227  0.815487  0.197576  0.0829712  0.779702  D+  16.1769  0.0276318  -0.862547  16.0453  0  0  0  0  0  0  0  0  0  0  0  0  0  0  0  0  0  0
78428  s  2.85973  0.0701797  0.0894508  16.6674  0.139718  1.42732  16.6052  18.1818  -0.220925  -0.418906  18.1754  D+  25.7527  0.0327693  -0.486392  25.6801  0  0  0  0  0  0  0  0  0  0  0  0  0  0  0  0  0  0
78718  cbar  2.01809  0.0951527  0.0950991  54.1586  -0.983542  -1.63291  54.125  6.80462  -0.0641687  0.0315393  6.80343  D0  11.5378  0.578847  0.195429  11.3696  0  0  0  0  0  0  0  0  0  0  0  0  0  0  0  0  0  0
78752  s  1.53331  0.0199599  0.0390574  16.6645  -0.661751  0.215112  16.6496  13.0509  0.323543  0.0356051  13.0464  D+  47.577  0.980089  -0.141296  47.53  0  0  0  0  0  0  0  0  0  0  0  0  0  0  0  0  0  0
78934  s  1.37034  0.0915386  0.20111  68.501  -0.387242  1.21151  68.4891  0.979054  -0.0689358  -0.425056  0.872902  D+  6.29921  0.980671  -0.582406  5.90624  0  0  0  0  0  0  0  0  0  0  0  0  0  0  0  0  0  0
79458  s  0.99352  0.0262642  0.0861186  59.4052  -0.809205  -0.283793  59.3989  2.58128  0.295989  0.187788  2.55518  D0  10.2024  1.62085  -0.30234  9.89404  0  0  0  0  0  0  0  0  0  0  0  0  0  0  0  0  0  0
79609  s  2.5055  0.0427695  0.0580844  11.8061  -1.00207  0.448997  11.7545  0.793557  -0.088748  0.0166735  0.781291  D+  51.7459  -0.981838  -0.357958  51.7015  0  0  0  0  0  0  0  0  0  0  0  0  0  0  0  0  0  0
79769  s  2.03408  0.0304669  0.0470266  7.06465  -0.358783  0.477915  7.03853  28.7772  0.765057  -0.42822  28.7637  D+  53.2081  0.413733  -0.0697333  53.1735  0  0  0  0  0  0  0  0  0  0  0  0  0  0  0  0  0  0
79933  s  1.19332  0.0157741  0.0406941  20.5721  0.587186  0.592472  20.5549  7.96777  -0.193829  -0.6496  7.93817  D+  16.331  0.14453  -0.61243  16.2114  0  0  0  0  0  0  0  0  0  0  0  0  0  0  0  0  0  0
79954  s  1.78707  0.028083  0.0478603  13.6312  0.294973  -0.998541  13.591  10.2581  0.0956444  0.118364  10.2564  D0  19.5501  0.322783  0.701837  19.4456  0  0  0  0  0  0  0  0  0  0  0  0  0  0  0  0  0  0
80084  s  5.26852  0.199817  0.215759  5.40649  1.33142  0.275005  5.2317  12.3504  -0.0901616  -0.219854  12.3477  D0  34.3023  -0.734205  -0.436196  34.2409  0  0  0  0  0  0  0  0  0  0  0  0  0  0  0  0  0  0
80335  s  1.03488  0.00798519  0.02476  7.96066  -0.128319  -0.284205  7.95385  9.30877  -0.112649  0.21591  9.30498  D+  55.7284  0.7884  0.801266  55.6857  0  0  0  0  0  0  0  0  0  0  0  0  0  0  0  0  0  0
80495  s  2.60571  0.0456789  0.0607997  0.223186  0.0166425  -0.0763883  0.180377  27.648  -0.200372  -0.186978  27.6464  D0  64.7571  -0.325366  -0.814263  64.7243  0  0  0  0  0  0  0  0  0  0  0  0  0  0  0  0  0  0
80587  s  5.66964  0.25605  0.273558  14.1422  -1.74202  -1.72117  13.9282  11.9035  -0.0076104  -0.124391  11.9024  D0  43.4947  1.17667  0.67141  43.4335  0  0  0  0  0  0  0  0  0  0  0  0  0  0  0  0  0  0
80842  s  1.6931  0.019768  0.0352797  2.15658  -0.258122  0.00340128  2.13847  3.10859  -0.0932711  -0.249811  3.09532  D+  70.8146  0.278885  -0.91402  70.7834  0  0  0  0  0  0  0  0  0  0  0  0  0  0  0  0  0  0
81075  s  2.95785  0.0601403  0.0755799  7.00894  0.111477  -1.05454  6.92745  9.40204  -0.223227  0.389661  9.39071  D0  35.8057  -0.437642  0.796613  35.7456  0  0  0  0  0  0  0  0  0  0  0  0  0  0  0  0  0  0
82134  s  2.60635  0.0567076  0.075465  15.4597  -1.01328  0.527349  15.4171  0.783441  0.0768013  0.222514  0.739733  D0  24.7538  -0.134947  0.283141  24.6815  0  0  0  0  0  0  0  0  0  0  0  0  0  0  0  0  0  0
82171  s  0.633671  0.00290163  0.0191604  5.68873  -0.085748  -0.105038  5.68614  1.92325  0.17087  -0.109524  1.90959  D0  53.3812  0.0508137  -0.561217  53.3457  0  0  0  0  0  0  0  0  0  0  0  0  0  0  0  0  0  0
82321  s  1.69633  0.0881748  0.157038  62.0421  -1.47644  0.254737  62.024  1.04282  0.118549  -0.0864572  1.02702  D+  14.8287  1.1217  -0.967094  14.6356  0  0  0  0  0  0  0  0  0  0  0  0  0  0  0  0  0  0
82511  s  4.08313  0.152586  0.173022  21.2071  -1.69654  1.24646  21.1021  6.53093  0.210992  0.238382  6.52231  D+  38.9354  1.00632  -0.0850193  38.8774  0  0  0  0  0  0  0  0  0  0  0  0  0  0  0  0  0  0
82550  s  2.55764  0.0581044  0.078063  11.3126  0.4962  0.957718  11.2605  5.54404  0.236495  -0.534677  5.51212  D+  42.9097  0.0132708  -1.08389  42.8553  0  0  0  0  0  0  0  0  0  0  0  0  0  0  0  0  0  0
82591  s  0.910595  0.00595573  0.0221159  5.24096  -0.0966294  0.18686  5.23567  4.09882  -0.31434  -0.0170849  4.08534  D0  45.0582  0.00406555  -0.139668  45.0194  0  0  0  0  0  0  0  0  0  0  0  0  0  0  0  0  0  0
82828  s  1.89203  0.145024  0.235973  66.2788  -1.64508  0.527552  66.2562  1.78516  0.404785  -0.080616  1.73357  D+  10.8901  1.36019  0.108548  10.6413  0  0  0  0  0  0  0  0  0  0  0  0  0  0  0  0  0  0
83327  s  1.54332  0.0266303  0.0517785  31.7705  -0.814601  0.531178  31.7554  5.58369  0.214048  0.331704  5.56872  Lambda_c+  43.4783  0.272438  -0.243466  43.4166  0  0  0  0  0  0  0  0  0  0  0  0  0  0  0  0  0  0
83422  s  2.30472  0.036676  0.0522002  2.25445  0.187699  0.321801  2.22094  13.9114  -0.333278  -0.544805  13.8963  D+  64.1834  -0.234449  -1.54558  64.1371  0  0  0  0  0  0  0  0  0  0  0  0  0  0  0  0  0  0
83442  s  0.410806  0.00121737  0.0174478  5.55898  0.0252936  0.0280483  5.55784  4.80866  0.491406  -0.145758  4.7801  D_s+  46.301  0.273371  -0.825131  46.251  0  0  0  0  0  0  0  0  0  0  0  0  0  0  0  0  0  0
83491  s  3.37375  0.120988  0.144801  29.2996  -1.96238  0.579056  29.2279  4.95766  0.0463484  -0.179919  4.95306  D+  25.1623  1.2586  -0.381073  25.0582  0  0  0  0  0  0  0  0  0  0  0  0  0  0  0  0  0  0
83511  s  2.21276  0.0689311  0.100566  41.5804  0.338897  1.56266  41.5495  6.45519  0.694387  -0.427592  6.4026  D+  28.7903  1.14225  -1.41798  28.6718  0  0  0  0  0  0  0  0  0  0  0  0  0  0  0  0  0  0
83610  s  1.59948  0.019853  0.0373087  10.7614  -0.183983  -0.550307  10.7452  12.3668  -0.168401  0.362932  12.3599  D0  47.2166  0.00419336  0.475999  47.1774  0  0  0  0  0  0  0  0  0  0  0  0  0  0  0  0  0  0
84222  s  3.39313  0.125313  0.149691  30.4721  1.64408  -1.30447  30.3995  13.1276  -0.91446  -0.928936  13.0623  Lambda_c+  44.7657  -2.10502  -0.817081  44.6502  0  0  0  0  0  0  0  0  0  0  0  0  0  0  0  0  0  0
84626  s  2.0455  0.154498  0.237362  66.4694  0.994475  1.60903  66.4424  2.58203  -0.418724  0.184548  2.53897  D0  8.40831  -0.592043  -0.606718  8.15496  0  0  0  0  0  0  0  0  0  0  0  0  0  0  0  0  0  0
84998  s  2.65076  0.0669011  0.0882889  23.4635  -0.177199  1.4263  23.4192  19.1904  -0.18343  -0.197225  19.1882  D+  50.8611  -0.333233  -1.22224  50.8109  0  0  0  0  0  0  0  0  0  0  0  0  0  0  0  0  0  0
85103  s  2.45201  0.062395  0.0857135  28.0835  0.161113  -1.44605  28.0456  10.0846  0.374583  -0.169594  10.0756  Lambda_c+  34.004  0.117854  -0.509418  33.923  0  0  0  0  0  0  0  0  0  0  0  0  0  0  0  0  0  0
85364  s  2.67557  0.0495758  0.0651386  2.48359  -0.211159  -0.407906  2.43846  11.2751  0.499749  0.420647  11.2557  D+  29.5549  0.706007  0.442445  29.484  0  0  0  0  0  0  0  0  0  0  0  0  0  0  0  0  0  0
85950  s  1.78218  0.0347749  0.0593974  30.7612  -0.256691  -1.07558  30.7411  16.8499  0.683508  0.251046  16.8338  D0  40.4731  1.43162  1.36913  40.3815  0  0  0  0  0  0  0  0  0  0  0  0  0  0  0  0  0  0
86083  cbar  2.66034  0.0685203  0.0684926  20.6586  -0.593512  -1.38578  20.6033  3.17633  -0.384783  0.488371  3.11309  Lambda_c+  12.2198  0.179608  -0.230167  12.0004  0  0  0  0  0  0  0  0  0  0  0  0  0  0  0  0  0  0
86268  s  0.578274  0.00311267  0.0240556  22.1828  -0.281281  0.0788443  22.1806  9.06306  -0.374375  0.144572  9.05355  D0  42.7398  0.117496  1.71172  42.6646  0  0  0  0  0  0  0  0  0  0  0  0  0  0  0  0  0  0
86903  s  1.39962  0.0750565  0.161193  65.5245  1.24429  0.256087  65.5121  4.79114  -0.275424  0.800189  4.71462  D0  9.69732  -0.469825  0.279809  9.50059  0  0  0  0  0  0  0  0  0  0  0  0  0  0  0  0  0  0
87725  s  0.808662  0.00447539  0.0198734  1.5675  0.0400547  0.0184078  1.56331  12.2991  -0.131803  0.435659  12.2902  D+  50.2225  -0.944714  -0.552637  50.1757  0  0  0  0  0  0  0  0  0  0  0  0  0  0  0  0  0  0
87762  s  3.1485  0.14233  0.174489  42.3176  -1.7218  -1.51903  42.2552  10.4692  1.11425  0.238942  10.4065  D+  28.1286  1.45441  1.14355  28.0054  0  0  0  0  0  0  0  0  0  0  0  0  0  0  0  0  0  0
87928  s  1.26024  0.0383843  0.0927422  57.3837  -1.0656  -0.0929158  57.3736  0.609771  -0.21065  -0.0684262  0.558213  Lambda_c+  19.7973  0.801751  0.481183  19.6426  0  0  0  0  0  0  0  0  0  0  0  0  0  0  0  0  0  0
88450  s  2.79524  0.0945912  0.121762  35.4149  0.417783  -1.81671  35.3657  3.49012  -0.0263695  -0.422373  3.46276  D+  26.0321  -0.259937  0.791737  25.9515  0  0  0  0  0  0  0  0  0  0  0  0  0  0  0  0  0  0
88471  s  1.80352  0.0566035  0.0957261  48.8103  0.503931  1.31911  48.7897  7.71276  0.300077  -0.14261  7.70488  D+  27.9372  0.526829  -0.843474  27.8569  0  0  0  0  0  0  0  0  0  0  0  0  0  0  0  0  0  0
88616  s  1.5707  0.0654974  0.125182  59.3602  0.157364  -1.34753  59.3446  0.592957  0.0919952  0.0863703  0.569658  Lambda_c+  18.8456  -0.658768  1.3494  18.646  0  0  0  0  0  0  0  0  0  0  0  0  0  0  0  0  0  0
88844  s  3.3299  0.101014  0.12144  14.0367  1.41549  0.699429  13.9472  18.9413  -0.741188  -0.150187  18.9259  D+  41.2849  -1.28693  -1.58128  41.1922  0  0  0  0  0  0  0  0  0  0  0  0  0  0  0  0  0  0
88958  s  0.964978  0.00653052  0.0223092  3.4478  0.160331  0.0632255  3.44187  28.2656  -0.50204  -0.303841  28.2593  D+  48.6767  -0.0623772  -0.0571148  48.6407  0  0  0  0  0  0  0  0  0  0  0  0  0  0  0  0  0  0
89093  s  1.93076  0.107969  0.173024  61.0336  1.57702  0.611723  61.01  7.45166  -0.674297  -0.359153  7.41164  D0  12.0412  -1.12782  -0.420384  11.8349  0  0  0  0  0  0  0  0  0  0  0  0  0  0  0  0  0  0
89359  s  2.51177  0.0553457  0.0750593  18.6869  -1.00888  0.675472  18.6472  6.34586  0.088017  0.268161  6.3387  D0  36.2  0.226398  0.322459  36.1498  0  0  0  0  0  0  0  0  0  0  0  0  0  0  0  0  0  0
89877  s  1.19041  0.00971583  0.0251411  3.88507  -0.199764  0.275959  3.86867  4.1721  -0.254577  0.514549  4.13107  tau+  26.9635  -0.384644  0.577898  26.8959  0  0  0  0  0  0  0  0  0  0  0  0  0  0  0  0  0  0
90227  s  2.68245  0.0598152  0.0784913  1.36396  0.217185  0.326575  1.30207  12.7434  -0.144372  0.0328235  12.7422  D+  26.6734  -0.852981  -0.444366  26.5904  0  0  0  0  0  0  0  0  0  0  0  0  0  0  0  0  0  0
90288  s  0.641533  0.00323033  0.02089  11.5388  -0.187534  0.122749  11.5361  14.8659  0.347044  0.0397839  14.8614  D+  33.8073  -0.163311  -0.338034  33.7534  0  0  0  0  0  0  0  0  0  0  0  0  0  0  0  0  0  0
91790  s  0.959981  0.00958532  0.032986  28.1986  0.464545  -0.322672  28.1927  2.19744  -0.204514  -0.451925  2.13811  D+  16.0238  0.014594  -0.104295  15.914  0  0  0  0  0  0  0  0  0  0  0  0  0  0  0  0  0  0
91797  s  1.42547  0.0167759  0.0353483  14.7413  0.576729  -0.148898  14.7289  8.61353  -0.588924  -0.241602  8.58932  D+  50.0157  -1.30669  -0.336133  49.9625  0  0  0  0  0  0  0  0  0  0  0  0  0  0  0  0  0  0
91881  s  0.523776  0.00243764  0.0224295  19.4589  0.225059  0.0901228  19.4571  5.02579  -0.00364  -0.35422  5.01218  D0  44.9963  -0.487519  0.0834409  44.9549  0  0  0  0  0  0  0  0  0  0  0  0  0  0  0  0  0  0
91976  s  2.03811  0.0348935  0.0537829  15.9945  -0.553024  -0.721793  15.9683  28.9286  0.544507  0.747369  28.9136  D+  51.2693  1.59414  0.939307  51.2018  0  0  0  0  0  0  0  0  0  0  0  0  0  0  0  0  0  0
92143  s  3.07098  0.0972021  0.120323  39.4073  -0.133152  -2.28102  39.3408  3.45355  -0.149918  -0.264245  3.43854  D0  19.7439  0.622656  0.515344  19.639  0  0  0  0  0  0  0  0  0  0  0  0  0  0  0  0  0  0
92173  s  1.1245  0.0115424  0.0320782  21.0525  -0.000460437  0.571725  21.0445  6.10277  -0.205261  -0.353441  6.08815  D+  31.8989  0.284903  -0.921901  31.8294  0  0  0  0  0  0  0  0  0  0  0  0  0  0  0  0  0  0
92290  cbar  3.48156  0.13114  0.131039  13.1303  1.15299  -1.08737  13.0339  0.578305  0.247678  -0.217603  0.463225  Lambda_c+  12.5437  1.10171  -0.689759  12.2649  0  0  0  0  0  0  0  0  0  0  0  0  0  0  0  0  0  0
92863  d  2.72792  0.0922062  0.092156  36.4254  -1.67225  -0.779604  36.3785  0.971074  0.0129819  -0.105814  0.959404  omega  4.34802  0.073539  -0.37004  4.26017  2.27618  0.14267  0.0816909  2.26777  omega  4.34802  0.073539  -0.37004  4.26017  0  0  0  0  0  0  0  0  0
92892  s  2.4743  0.0778487  0.106411  37.5252  0.713275  1.54144  37.4866  1.97011  0.371253  -0.114199  1.92855  D+  26.0797  0.611416  -1.36697  25.9694  0  0  0  0  0  0  0  0  0  0  0  0  0  0  0  0  0  0
93081  s  3.65522  0.132558  0.15476  25.7219  -2.05392  0.305341  25.6378  20.1005  0.937759  -0.536675  20.0712  D+  48.0185  0.651384  -1.61542  47.9505  0  0  0  0  0  0  0  0  0  0  0  0  0  0  0  0  0  0
93224  s  1.58171  0.0224972  0.0427242  11.4989  -0.291626  -0.575539  11.4803  19.9517  0.160288  0.605505  19.9415  D0  47.3856  -0.917322  0.924518  47.3309  0  0  0  0  0  0  0  0  0  0  0  0  0  0  0  0  0  0
93376  s  1.77384  0.0249588  0.0428  11.9585  0.26264  0.624301  11.9388  31.7383  -0.170115  0.0908854  31.7375  D+  57.2966  0.695363  -0.00709018  57.2619  0  0  0  0  0  0  0  0  0  0  0  0  0  0  0  0  0  0
93708  s  3.92421  0.118109  0.135272  9.9524  -0.502141  -1.28768  9.85539  6.76187  -0.268543  0.587324  6.73013  D+  48.7618  0.660415  1.67427  48.6927  0  0  0  0  0  0  0  0  0  0  0  0  0  0  0  0  0  0
93820  s  1.72295  0.03339  0.0586863  32.0538  -0.0546136  1.08986  32.0351  21.861  -0.113901  -1.20472  21.8272  D0  40.5349  -0.745342  -0.796255  40.4773  0  0  0  0  0  0  0  0  0  0  0  0  0  0  0  0  0  0
94208  s  3.22909  0.0886235  0.107691  16.7349  -1.4337  0.357992  16.6692  1.21733  0.0942336  -0.207805  1.19108  D+  35.2494  0.745292  0.467329  35.1888  0  0  0  0  0  0  0  0  0  0  0  0  0  0  0  0  0  0
94227  s  1.71757  0.0401483  0.0707527  37.8654  -0.885401  -0.888462  37.8445  1.66641  -0.0265807  -0.159042  1.65522  D_s+  28.6779  1.01263  -0.0411954  28.5923  0  0  0  0  0  0  0  0  0  0  0  0  0  0  0  0  0  0
94236  s  0.556243  0.00306546  0.025357  25.6462  -0.286807  -0.100373  25.6441  11.5967  0.155006  0.443389  11.5867  D+  46.3104  0.0720195  1.50294  46.2482  0  0  0  0  0  0  0  0  0  0  0  0  0  0  0  0  0  0
94293  s  2.31731  0.0427168  0.0605999  12.4428  0.720763  -0.557776  12.4089  10.4383  0.00776661  -0.0426607  10.4377  D+  54.2683  -0.445695  -1.20654  54.2208  0  0  0  0  0  0  0  0  0  0  0  0  0  0  0  0  0  0
94406  s  0.538222  0.00225207  0.0197438  10.8866  0.00103242  -0.173389  10.8847  13.6723  0.380115  -0.0308556  13.6666  D+  51.7315  -0.307803  0.742304  51.6914  0  0  0  0  0  0  0  0  0  0  0  0  0  0  0  0  0  0
94729  s  2.77861  0.0586558  0.0757233  4.79114  0.347747  0.59852  4.7397  19.3541  -0.191414  -0.782855  19.337  D+  53.2636  -0.0773734  -0.748735  53.2255  0  0  0  0  0  0  0  0  0  0  0  0  0  0  0  0  0  0
94911  s  0.392376  0.0011316  0.017669  6.93046  -0.0183225  0.0539077  6.92942  1.45142  0.057657  -0.208283  1.43134  D+  35.3085  0.116927  -0.248156  35.2579  0  0  0  0  0  0  0  0  0  0  0  0  0  0  0  0  0  0
95087  s  4.77678  0.191524  0.210172  15.9453  -0.777852  -1.98639  15.8016  3.06584  0.0107673  0.372206  3.04131  Lambda_c+  38.2859  0.794289  2.39581  38.1341  0  0  0  0  0  0  0  0  0  0  0  0  0  0  0  0  0  0
95123  s  2.53187  0.0590504  0.079749  21.5833  -0.751173  1.08064  21.5429  18.3885  0.291346  -0.081927  18.3857  D+  49.2135  0.0893614  -0.879268  49.17  0  0  0  0  0  0  0  0  0  0  0  0  0  0  0  0  0  0
95178  s  2.16821  0.0449904  0.0665055  20.5455  1.2223  0.289896  20.5068  13.6341  -0.214677  -0.525376  13.6219  D+  29.4195  -0.81159  -0.209179  29.3481  0  0  0  0  0  0  0  0  0  0  0  0  0  0  0  0  0  0
95452  s  6.29578  0.293421  0.309541  7.44675  1.87129  -0.37654  7.19718  18.2491  -0.205465  -0.5001  18.2408  D0  40.825  -0.606834  -0.408915  40.7758  0  0  0  0  0  0  0  0  0  0  0  0  0  0  0  0  0  0
95637  s  1.01751  0.00748999  0.0237665  5.7725  0.0622435  0.246916  5.76591  30.2793  -0.256837  0.0298174  30.278  D_s+  64.7705  0.213075  0.432036  64.7388  0  0  0  0  0  0  0  0  0  0  0  0  0  0  0  0  0  0
95648  s  1.52142  0.0183199  0.0361238  12.1019  -0.187277  0.554893  12.0873  20.9238  0.634307  0.738652  20.9009  D0  50.248  1.17051  0.34253  50.1986  0  0  0  0  0  0  0  0  0  0  0  0  0  0  0  0  0  0
95944  s  2.27127  0.0450791  0.0647235  18.4506  0.388619  1.01863  18.4181  5.84564  0.220898  0.0231684  5.84046  D0  41.7209  -0.176277  -1.18114  41.6621  0  0  0  0  0  0  0  0  0  0  0  0  0  0  0  0  0  0
96029  s  1.21591  0.0359398  0.0906165  57.5115  1.03267  0.0289803  57.5021  3.91337  -0.330777  0.246312  3.89015  D0  16.8607  0.138977  0.886698  16.7332  0  0  0  0  0  0  0  0  0  0  0  0  0  0  0  0  0  0
96386  s  4.40299  0.181381  0.202215  35.8558  0.968148  3.05667  35.712  0.823931  -0.0813855  0.166202  0.795897  Lambda_c+  37.2981  -0.259555  -1.63748  37.191  0  0  0  0  0  0  0  0  0  0  0  0  0  0  0  0  0  0
96410  s  1.63223  0.0280724  0.051772  27.7653  0.921791  -0.232923  27.7488  15.0256  -0.291431  0.622463  15.0095  D+  42.1557  -0.603235  -0.0162726  42.1099  0  0  0  0  0  0  0  0  0  0  0  0  0  0  0  0  0  0
96550  s  2.07806  0.0523753  0.0796399  35.4957  1.36909  -0.219987  35.4684  3.59849  -0.380868  -0.117975  3.57477  D+  31.1192  -1.15808  -0.064732  31.0413  0  0  0  0  0  0  0  0  0  0  0  0  0  0  0  0  0  0
96580  s  3.44465  0.088952  0.105764  8.34815  0.995091  0.491177  8.27339  13.9883  -0.510598  0.23426  13.9766  D_s+  56.7387  -1.36227  0.266789  56.6876  0  0  0  0  0  0  0  0  0  0  0  0  0  0  0  0  0  0
97145  s  1.63721  0.0240331  0.0442004  19.998  0.500458  -0.644775  19.9811  1.49702  -0.152589  -0.114441  1.48106  D+  45.1506  -0.302941  0.00982349  45.1109  0  0  0  0  0  0  0  0  0  0  0  0  0  0  0  0  0  0
97353  s  0.59243  0.0025644  0.0190038  6.499  -0.122552  0.058659  6.49672  28.9252  -0.455337  -0.814585  28.9099  D0  61.6765  -0.0254973  -0.662336  61.6447  0  0  0  0  0  0  0  0  0  0  0  0  0  0  0  0  0  0
97483  s  2.02448  0.0389628  0.0603386  9.97605  0.771703  -0.169573  9.94415  4.63286  0.0398779  0.478941  4.60666  D+  53.1203  -1.05371  0.829561  53.0705  0  0  0  0  0  0  0  0  0  0  0  0  0  0  0  0  0  0
97665  s  2.16931  0.0657603  0.0971639  41.2981  -1.18454  -1.01847  41.2684  17.1285  0.0958701  0.469281  17.1215  D0  30.8883  1.2264  1.64902  30.7634  0  0  0  0  0  0  0  0  0  0  0  0  0  0  0  0  0  0
97708  s  2.60451  0.0779073  0.1037  40.8293  -1.94058  -0.481813  40.7802  2.0416  0.415234  -0.0637407  1.99512  D0  12.1591  0.658205  0.232946  11.995  0  0  0  0  0  0  0  0  0  0  0  0  0  0  0  0  0  0
98291  s  2.36976  0.0779916  0.109189  41.062  1.67092  -0.323082  41.0266  3.43084  0.0733956  -0.39193  3.40595  D+  13.1462  -0.549107  0.220202  12.9991  0  0  0  0  0  0  0  0  0  0  0  0  0  0  0  0  0  0
98368  s  1.58056  0.0332412  0.0631677  39.2722  -0.655015  -0.887413  39.2565  4.70436  -0.0635546  -0.155222  4.70018  D_s+  33.6066  1.46496  0.508709  33.513  0  0  0  0  0  0  0  0  0  0  0  0  0  0  0  0  0  0
98405  s  1.93822  0.0272604  0.0435804  5.99555  -0.421859  -0.307743  5.97183  54.0526  0.490935  -0.565977  54.0473  D_s+  57.19  0.903367  -0.324056  57.148  0  0  0  0  0  0  0  0  0  0  0  0  0  0  0  0  0  0
