1.0 3.979711339125e-40
1.1220184543019633 5.067474565750001e-40
1.2589254117941673 6.441354391325e-40
1.4125375446227544 8.169488845725e-40
1.5848931924611136 1.0332683396575e-39
1.7782794100389228 1.3025369514300001e-39
1.9952623149688797 1.63563124755e-39
2.23872113856834 2.04490691472e-39
2.51188643150958 2.5442414628000002e-39
2.8183829312644537 3.149044644625e-39
3.1622776601683795 3.87638998045e-39
3.548133892335755 4.744927441250001e-39
3.981071705534973 5.775184396525e-39
4.466835921509632 6.98936664965e-39
5.011872336272724 8.412441154300001e-39
5.623413251903491 1.0071164428625e-38
6.309573444801933 1.199435435655e-38
7.07945784384138 1.4216331352225e-38
7.943282347242816 1.6771405529500002e-38
8.912509381337456 1.970056219465e-38
10.0 2.30466719949e-38
11.220184543019636 2.6863363922000003e-38
12.589254117941675 3.1199802451e-38
14.125375446227547 3.612390487475e-38
15.848931924611142 4.169721893825e-38
17.78279410038923 4.800826768225001e-38
19.952623149688797 5.51318928595e-38
22.3872113856834 6.31802219445e-38
25.11886431509581 7.22558256835e-38
28.18382931264455 8.2474449016e-38
31.622776601683793 9.399151820199999e-38
35.48133892335755 1.069542180385e-37
39.810717055349734 1.215173510275e-37
44.668359215096324 1.3793400073774999e-37
50.11872336272725 1.563645742115e-37
56.23413251903491 1.770644361375e-37
63.09573444801933 2.0036098228974998e-37
70.79457843841381 2.265387331225e-37
79.43282347242817 2.559457409225e-37
89.12509381337459 2.889540807425e-37
100.0 3.260435362125e-37
112.20184543019641 3.677251292025e-37
125.89254117941675 4.143750775025e-37
141.2537544622754 4.6686194284e-37
158.48931924611142 5.257633431475e-37
177.82794100389228 5.9187671335e-37
199.52623149688807 6.66084987105e-37
223.872113856834 7.49357825565e-37
251.18864315095823 8.427044417425e-37
281.8382931264455 9.473945834074999e-37
316.22776601683796 1.0648194483924999e-36
354.81338923357566 1.1963669601725e-36
398.1071705534973 1.3438515903775002e-36
446.6835921509635 1.5090324104625e-36
501.18723362727246 1.694020778315e-36
562.341325190349 1.901351937305e-36
630.9573444801937 2.1333638566249998e-36
707.945784384138 2.39313657672e-36
794.3282347242822 2.68365022535e-36
891.2509381337459 3.00866776555e-36
1000.0 3.372155146425e-36
1122.018454301964 3.7808878681e-36
1258.9254117941675 4.23459524855e-36
1412.5375446227554 4.740862075225e-36
1584.893192461114 5.30516406865e-36
1778.2794100389228 5.93361047085e-36
1995.262314968881 6.633106799425e-36
2238.72113856834 7.411465377475e-36
2511.886431509582 8.276350320875e-36
2818.382931264455 9.236352845925e-36
3162.2776601683795 1.0301100439125e-35
3548.1338923357566 1.1480171795950001e-35
3981.0717055349733 1.278517866805e-35
4466.835921509635 1.4228917211125002e-35
5011.872336272725 1.5822320161175e-35
5623.413251903491 1.7577646471775e-35
6309.573444801937 1.951121571525e-35
7079.457843841381 2.16342434361e-35
7943.282347242822 2.3960712814049997e-35
8912.509381337459 2.6511170387e-35
10000.0 2.929981716875e-35
12219.930019187883 3.681866435816368e-35
15298.71253308255 4.448960803733335e-35
19153.187031545058 5.335375698929633e-35
25106.60682789156 6.583943771537737e-35
33418.62643645284 8.1791972490516e-35
46337.447710928725 1.0449596469961552e-34
63923.08919633661 1.3185544341573392e-34
86841.99634728256 1.6444849584781846e-34
118582.25634013907 2.0104833895329184e-34
160277.9894726541 2.381018553022814e-34
212254.3466679717 2.8190497670883554e-34
285425.58619666426 3.3582273456178057e-34
387761.73094169353 4.042337281110235e-34
516137.62550727924 4.80890960881244e-34
708391.4291663658 5.815481073304265e-34
882351.4343424565 6.626304117164011e-34
1007641.7379417797 7.332232411826821e-34