1.0 1.8805505800025002e-39
1.1220184543019633 2.3685837097325e-39
1.2589254117941673 2.96927702685e-39
1.4125375446227544 3.702163922875e-39
1.5848931924611136 4.588076365125e-39
1.7782794100389228 5.6490011362e-39
1.9952623149688797 6.908082381025e-39
2.23872113856834 8.3898057448e-39
2.51188643150958 1.0120356799025e-38
2.8183829312644537 1.2127399892475002e-38
3.1622776601683795 1.444207889885e-38
3.548133892335755 1.7096612712525e-38
3.981071705534973 2.0128746555174997e-38
4.466835921509632 2.3577471492625e-38
5.011872336272724 2.7489826560999997e-38
5.623413251903491 3.1916245271249997e-38
6.309573444801933 3.690918801375e-38
7.07945784384138 4.2537294445e-38
7.943282347242816 4.8867696051e-38
8.912509381337456 5.5979684875e-38
10.0 6.395691823775001e-38
11.220184543019636 7.2911708084e-38
12.589254117941675 8.294170404700001e-38
14.125375446227547 9.4182987397e-38
15.848931924611142 1.06753969261e-37
17.78279410038923 1.2083984964775001e-37
19.952623149688797 1.3659166564825001e-37
22.3872113856834 1.5423413637225e-37
25.11886431509581 1.7396476655800002e-37
28.18382931264455 1.960084062685e-37
31.622776601683793 2.2068623260075002e-37
35.48133892335755 2.4827181438775e-37
39.810717055349734 2.79110945365e-37
44.668359215096324 3.1361286054250003e-37
50.11872336272725 3.522008491775e-37
56.23413251903491 3.9533164577750006e-37
63.09573444801933 4.435913068225e-37
70.79457843841381 4.9756042444e-37
79.43282347242817 5.5784392752749995e-37
89.12509381337459 6.252879520725e-37
100.0 7.0064787093999994e-37
112.20184543019641 7.848717363675e-37
125.89254117941675 8.790133680025e-37
141.2537544622754 9.842249407674999e-37
158.48931924611142 1.1017612906525e-36
177.82794100389228 1.2330990338675e-36
199.52623149688807 1.3798335775825e-36
223.872113856834 1.5437207102275e-36
251.18864315095823 1.7266092418025e-36
281.8382931264455 1.93077032355e-36
316.22776601683796 2.158585245675e-36
354.81338923357566 2.4126581506025e-36
398.1071705534973 2.6959750605500002e-36
446.6835921509635 3.0116972647e-36
501.18723362727246 3.36342941625e-36
562.341325190349 3.755221339575e-36
630.9573444801937 4.191160835675e-36
707.945784384138 4.676181225775e-36
794.3282347242822 5.2152309149499994e-36
891.2509381337459 5.8139974129000005e-36
1000.0 6.4787114178e-36
1122.018454301964 7.21579792455e-36
1258.9254117941675 8.032168409475e-36
1412.5375446227554 8.935840184575e-36
1584.893192461114 9.935040233800001e-36
1778.2794100389228 1.1041761035724999e-35
1995.262314968881 1.2257536165275e-35
2238.72113856834 1.3596435712450002e-35
2511.886431509582 1.5067585602324998e-35
2818.382931264455 1.6682925575425e-35
3162.2776601683795 1.845325762095e-35
3548.1338923357566 2.0388348505825e-35
3981.0717055349733 2.25027705168e-35
4466.835921509635 2.4805989035475e-35
5011.872336272725 2.7313019565e-35
5623.413251903491 3.0033012646e-35
6309.573444801937 3.298208535525e-35
7079.457843841381 3.6168470030000003e-35
7943.282347242822 3.9606806248e-35
8912.509381337459 4.3312530111250003e-35
10000.0 4.7290571311000003e-35
12353.654122500435 5.510159846515667e-35
16269.2919808768 6.705969286508403e-35
20107.035746272795 7.753070746652769e-35
26480.200285858995 9.346179008050517e-35
35244.670200558474 1.1331809098815922e-34
42196.45223404648 1.2648733433213444e-34
52150.12272403387 1.4371544942179347e-34
65137.892218951194 1.6533307362537463e-34
84880.50348397047 1.9389530873224197e-34
103797.85379158359 2.1828668575415697e-34
129648.27424497435 2.4600571960216593e-34
180025.8229904759 2.9806983458384386e-34
234589.7598925072 3.4303647674803736e-34
308945.7792462846 3.994782464722262e-34
389995.5060331706 4.524174172986342e-34
481991.078032893 5.0086983882625055e-34
621461.5661577742 5.706748134108368e-34
776233.9645645672 6.28344127988918e-34
1000847.5204394431 7.738661437053515e-34