1.0 -5.5874068508560165e-43
1.1220184543019633 -6.6956327462758755e-43
1.2589254117941673 -7.884219735519737e-43
1.4125375446227544 -9.107615660319909e-43
1.5848931924611136 -1.0253589230804429e-42
1.7782794100389228 -1.1135541259866581e-42
1.9952623149688797 -1.1461012131407333e-42
2.23872113856834 -1.0790774740979827e-42
2.51188643150958 -8.486578825447809e-43
2.8183829312644537 -6.150668126857198e-43
3.1622776601683795 -7.571308441345281e-43
3.548133892335755 5.865617474665586e-42
3.981071705534973 1.8531964066605186e-41
4.466835921509632 8.866695260673356e-41
5.011872336272724 2.1139876287031473e-40
5.623413251903491 4.6422955572479345e-40
6.309573444801933 8.281143425519376e-40
7.07945784384138 1.3498968522878741e-39
7.943282347242816 2.08258419524331e-39
8.912509381337456 3.0887373311627594e-39
10.0 4.373198592575704e-39
11.220184543019636 5.928533915445456e-39
12.589254117941675 7.945921846252981e-39
14.125375446227547 1.0493798488458845e-38
15.848931924611142 1.3571382050999389e-38
17.78279410038923 1.7314635098306994e-38
19.952623149688797 2.1512655757999394e-38
22.3872113856834 2.6680655078002734e-38
25.11886431509581 3.266956538886964e-38
28.18382931264455 3.981147963428123e-38
31.622776601683793 4.82826631760622e-38
35.48133892335755 5.777520050940778e-38
39.810717055349734 6.913766989838023e-38
44.668359215096324 8.171892053320872e-38
50.11872336272725 9.676039783338187e-38
56.23413251903491 1.1311805946421963e-37
63.09573444801933 1.323304783995759e-37
70.79457843841381 1.5451503315090477e-37
79.43282347242817 1.7978245064095586e-37
89.12509381337459 2.0956767943930664e-37
100.0 2.4133790991638204e-37
112.20184543019641 2.781773554711823e-37
125.89254117941675 3.189372625707653e-37
141.2537544622754 3.6600843880467144e-37
158.48931924611142 4.202062259151953e-37
177.82794100389228 4.811528942356293e-37
199.52623149688807 5.501824860384112e-37
223.872113856834 6.275080587471323e-37
251.18864315095823 7.134591792945899e-37
281.8382931264455 8.11629952606772e-37
316.22776601683796 9.22110903896023e-37
354.81338923357566 1.0484876234550705e-36
398.1071705534973 1.1892003791999453e-36
446.6835921509635 1.3446638754176606e-36
501.18723362727246 1.5212063200826036e-36
562.341325190349 1.719888576852097e-36
630.9573444801937 1.9450514069156522e-36
707.945784384138 2.197773933667305e-36
794.3282347242822 2.482226159666894e-36
891.2509381337459 2.7960809485952524e-36
1000.0 3.150524910502192e-36
1122.018454301964 3.545784621775046e-36
1258.9254117941675 3.9859486498314376e-36
1412.5375446227554 4.4809152869694266e-36
1584.893192461114 5.031518380172384e-36
1778.2794100389228 5.646951537785575e-36
1995.262314968881 6.336991018416765e-36
2238.72113856834 7.104590260235277e-36
2511.886431509582 7.957965925286627e-36
2818.382931264455 8.911467659921658e-36
3162.2776601683795 9.976841768072843e-36
3548.1338923357566 1.1138935597397067e-35
3981.0717055349733 1.2424240262846286e-35
4466.835921509635 1.3851055898110273e-35
5011.872336272725 1.5424468885557183e-35
5623.413251903491 1.715979803613826e-35
6309.573444801937 1.9077468773995282e-35
7079.457843841381 2.118669724153523e-35
7943.282347242822 2.3498925177190946e-35
8912.509381337459 2.6042296412433504e-35
10000.0 2.878533199769689e-35
12219.930019187883 3.681866435816368e-35
15298.71253308255 4.448960803733335e-35
19153.187031545058 5.335375698929633e-35
25106.60682789156 6.583943771537737e-35
33418.62643645284 8.1791972490516e-35
46337.447710928725 1.0449596469961552e-34
63923.08919633661 1.3185544341573392e-34
86841.99634728256 1.6444849584781846e-34
118582.25634013907 2.0104833895329184e-34
160277.9894726541 2.381018553022814e-34
212254.3466679717 2.8190497670883554e-34
285425.58619666426 3.3582273456178057e-34
387761.73094169353 4.042337281110235e-34
516137.62550727924 4.80890960881244e-34
708391.4291663658 5.815481073304265e-34
882351.4343424565 6.626304117164011e-34
1007641.7379417797 7.332232411826821e-34
