1.0 0.0
1.1220184543019633 1.5501855401687574e-43
1.2589254117941673 4.123773639633046e-43
1.4125375446227544 8.191973676430312e-43
1.5848931924611136 1.4393838608184473e-42
1.7782794100389228 2.3581782392017653e-42
1.9952623149688797 3.6877756505708194e-42
2.23872113856834 5.121565513787162e-42
2.51188643150958 6.177982178101487e-42
2.8183829312644537 7.403183691076835e-42
3.1622776601683795 2.79378941850671e-41
3.548133892335755 7.029547098511214e-41
3.981071705534973 1.8712643552125537e-40
4.466835921509632 4.944189289262458e-40
5.011872336272724 9.45830184798334e-40
5.623413251903491 1.8270489482333796e-39
6.309573444801933 3.018370156204249e-39
7.07945784384138 4.5947333675772966e-39
7.943282347242816 6.630824670625371e-39
8.912509381337456 9.273009743213409e-39
10.0 1.2712000062230827e-38
11.220184543019636 1.6813939867660585e-38
12.589254117941675 2.20907739120791e-38
14.125375446227547 2.808749546044492e-38
15.848931924611142 3.558655619919307e-38
17.78279410038923 4.445531458363566e-38
19.952623149688797 5.4968118306544e-38
22.3872113856834 6.703511823803578e-38
25.11886431509581 8.139878718267685e-38
28.18382931264455 9.838869751647549e-38
31.622776601683793 1.1661484864555273e-37
35.48133892335755 1.3837165758553378e-37
39.810717055349734 1.6376925311440446e-37
44.668359215096324 1.9247030982292155e-37
50.11872336272725 2.2542055331725672e-37
56.23413251903491 2.6254026520031497e-37
63.09573444801933 3.0464386392091553e-37
70.79457843841381 3.522089793882154e-37
79.43282347242817 4.063863076422957e-37
89.12509381337459 4.680193575696525e-37
100.0 5.360405322519273e-37
112.20184543019641 6.144299532066043e-37
125.89254117941675 7.0034372850250704e-37
141.2537544622754 7.995167676037517e-37
158.48931924611142 9.104337449933105e-37
177.82794100389228 1.0373078801069352e-36
199.52623149688807 1.1778165228084092e-36
223.872113856834 1.3330917458509178e-36
251.18864315095823 1.5078263768134827e-36
281.8382931264455 1.7052605113374233e-36
316.22776601683796 1.925415661829127e-36
354.81338923357566 2.171053092279046e-36
398.1071705534973 2.4470286812040014e-36
446.6835921509635 2.751549796162373e-36
501.18723362727246 3.0951178590832275e-36
562.341325190349 3.481762480623412e-36
630.9573444801937 3.9186497606950096e-36
707.945784384138 4.392049996259089e-36
794.3282347242822 4.922259082884091e-36
891.2509381337459 5.5053883396912384e-36
1000.0 6.150892793994309e-36
1122.018454301964 6.870770046497379e-36
1258.9254117941675 7.67134430701764e-36
1412.5375446227554 8.563235932555653e-36
1584.893192461114 9.55580151297819e-36
1778.2794100389228 1.0655482243907173e-35
1995.262314968881 1.1872575949470711e-35
2238.72113856834 1.3208385549273124e-35
2511.886431509582 1.466743309018506e-35
2818.382931264455 1.6276550463564897e-35
3162.2776601683795 1.8033606780788687e-35
3548.1338923357566 1.996169230310167e-35
3981.0717055349733 2.207511363343267e-35
4466.835921509635 2.438688093535226e-35
5011.872336272725 2.6893943229487925e-35
5623.413251903491 2.9572202194262105e-35
6309.573444801937 3.2476025912231225e-35
7079.457843841381 3.5651723484715493e-35
7943.282347242822 3.91023842134979e-35
8912.509381337459 4.282246545322008e-35
10000.0 4.675549664327595e-35
12353.654122500435 5.510159846515667e-35
16269.2919808768 6.705969286508403e-35
20107.035746272795 7.753070746652769e-35
26480.200285858995 9.346179008050517e-35
35244.670200558474 1.1331809098815922e-34
42196.45223404648 1.2648733433213444e-34
52150.12272403387 1.4371544942179347e-34
65137.892218951194 1.6533307362537463e-34
84880.50348397047 1.9389530873224197e-34
103797.85379158359 2.1828668575415697e-34
129648.27424497435 2.4600571960216593e-34
180025.8229904759 2.9806983458384386e-34
234589.7598925072 3.4303647674803736e-34
308945.7792462846 3.994782464722262e-34
389995.5060331706 4.524174172986342e-34
481991.078032893 5.0086983882625055e-34
621461.5661577742 5.706748134108368e-34
776233.9645645672 6.28344127988918e-34
1000847.5204394431 7.738661437053515e-34