0.01 0.0
0.011000000000000001 0.0
0.012100000000000001 0.0
0.013310000000000002 0.0
0.014641000000000003 0.0
0.016105100000000004 0.0
0.017715610000000007 0.0
0.019487171000000008 0.0
0.021435888100000012 0.0
0.023579476910000015 0.0
0.025937424601000018 0.0
0.02853116706110002 0.0
0.031384283767210024 0.0
0.03452271214393103 0.0
0.03797498335832414 0.0
0.04177248169415655 0.0
0.04594972986357221 0.0
0.050544702849929436 0.0
0.05559917313492239 0.0
0.06115909044841463 0.0
0.0672749994932561 0.0
0.07400249944258172 0.0
0.0814027493868399 0.0
0.0895430243255239 0.0
0.09849732675807629 0.0
0.10834705943388392 0.0
0.11918176537727232 3.0897542403107366e-41
0.13109994191499957 1.229315943339293e-40
0.14420993610649954 2.3714559435121575e-40
0.1586309297171495 3.675029504989816e-40
0.17449402268886446 4.914955310091572e-40
0.19194342495775094 6.419549679641469e-40
0.21113776745352605 8.426249769675378e-40
0.23225154419887867 1.0793167565810584e-39
0.25547669861876654 1.3678955327740598e-39
0.2810243684806432 1.6540847416088454e-39
0.30912680532870757 2.0453868275145654e-39
0.34003948586157834 2.4240723286478578e-39
0.3740434344477362 2.841189701720048e-39
0.41144777789250986 3.317351896679106e-39
0.4525925556817609 3.9462779822374197e-39
0.497851811249937 4.6414601692071524e-39
0.5476369923749307 5.5449986691305336e-39
0.6024006916124238 6.429614291042138e-39
0.6626407607736663 7.472052116075647e-39
0.728904836851033 8.533886686231444e-39
0.8017953205361363 9.570864557633031e-39
0.8819748525897501 1.066158148500801e-38
0.9701723378487251 1.177219820191317e-38
1.0671895716335977 1.28564620897968e-38
1.1739085287969575 1.3955551937404142e-38
1.2912993816766534 1.506621697991646e-38
1.4204293198443187 1.6199196731330564e-38
1.5624722518287508 1.736580163291837e-38
1.718719477011626 1.8625800475695562e-38
1.8905914247127888 1.999084287378207e-38
2.0796505671840677 2.1513527776467836e-38
2.2876156239024747 2.3071483805132843e-38
2.5163771862927224 2.4851167636133463e-38
2.768014904921995 2.673784616043e-38
3.0448163954141947 2.8906165778895775e-38
3.3492980349556145 3.12449110392859e-38
3.6842278384511764 3.372979224934596e-38
4.052650622296294 3.6451451196337027e-38
4.457915684525924 3.9341235527192087e-38
4.903707252978516 4.2594396437064467e-38
5.394077978276369 4.6125223232089706e-38
5.933485776104006 4.997068437377538e-38
6.526834353714407 5.428704210112555e-38
7.179517789085849 5.904576516755774e-38
7.897469567994435 6.427894745278055e-38
8.687216524793879 6.991776534287662e-38
9.555938177273267 7.628423367705533e-38
10.511531995000595 8.317360626197439e-38
11.562685194500656 9.091244383566647e-38
12.718953713950722 9.930407997045735e-38
13.990849085345795 1.0850330436491904e-37
15.389933993880376 1.1861908237128166e-37
16.928927393268417 1.297799271004831e-37
18.62182013259526 1.4208457285163651e-37
20.484002145854788 1.5564202733732471e-37
22.53240236044027 1.7047104224686752e-37
24.785642596484298 1.8695388169761632e-37
27.26420685613273 2.0475405282406774e-37
29.990627541746004 2.2449208443258046e-37
32.98969029592061 2.4618878907297944e-37
36.288659325512675 2.700267489043373e-37
39.91752525806395 2.9619279776279803e-37
43.909277783870344 3.250195768206297e-37
48.30020556225738 3.565864257278802e-37
53.13022611848312 3.912642666389289e-37
58.44324873033144 4.294152501528212e-37
64.28757360336459 4.7124309853550366e-37
70.71633096370105 5.1721747926383936e-37
77.78796406007116 5.677309724818882e-37
85.56676046607828 6.231422455836045e-37
94.12343651268611 6.839190294428537e-37
103.53578016395473 7.506375214603484e-37
113.88935818035021 8.239139216875069e-37
125.27829399838525 9.042593549214791e-37
137.80612339822378 9.923802110146927e-37
151.58673573804617 1.0890439958415778e-36
166.7454093118508 1.195043320646586e-36
183.4199502430359 1.3113523550678661e-36
201.7619452673395 1.4387664438765262e-36
221.9381397940735 1.5783332431090666e-36
244.13195377348086 1.7314019773686866e-36
268.545149150829 1.8991214828898807e-36
295.3996640659119 2.082663257527742e-36
324.9396304725031 2.2837463191639727e-36
357.43359351975346 2.503793684106698e-36
393.1769528717288 2.7446728472473885e-36
432.4946481589017 3.0082006594089255e-36
475.74411297479196 3.296139855856623e-36
523.3185242722712 3.6111399548825185e-36
575.6503766994985 3.955322238549349e-36
633.2154143694484 4.331415825084731e-36
696.5369558063933 4.741712375617381e-36
766.1906513870326 5.189646495615171e-36
842.809716525736 5.678178902504639e-36
927.0906881783097 6.210970418184764e-36
1019.7997569961408 6.791086045647149e-36
1121.779732695755 7.422825513126848e-36
1233.9577059653307 8.110222450378365e-36
1357.3534765618638 8.857769539696346e-36
1493.0888242180504 9.669596121854927e-36
1642.3977066398556 1.0550985787076806e-35
1806.6374773038413 1.1507455491799502e-35
1987.3012250342256 1.2544363404448405e-35
2186.0313475376483 1.3667191955902345e-35
2404.6344822914134 1.4880866841462674e-35
2645.097930520555 1.619408243947268e-35
2909.6077235726107 1.7612339827833017e-35
3200.568495929872 1.9142448101556717e-35
3520.6253455228593 2.079187469362526e-35
3872.6878800751456 2.2556786556244363e-35
4259.95666808266 2.4454371168737405e-35
4685.952334890927 2.6508578291846423e-35
5154.5475683800205 2.871022429398583e-35
5670.002325218023 3.1075886008444344e-35
6237.0025577398255 3.3616079115938505e-35
6860.702813513809 3.634494492541712e-35
7546.773094865191 3.9269522394878524e-35
8301.45040435171 4.2418509384812886e-35
9131.595444786883 4.581308028161811e-35
10044.754989265572 4.948627111873679e-35
11049.23048819213 5.351812414723653e-35
12353.654122500435 5.510159846515667e-35
16269.2919808768 6.705969286508403e-35
20107.035746272795 7.753070746652769e-35
26480.200285858995 9.346179008050517e-35
35244.670200558474 1.1331809098815922e-34
42196.45223404648 1.2648733433213444e-34
52150.12272403387 1.4371544942179347e-34
65137.892218951194 1.6533307362537463e-34
84880.50348397047 1.9389530873224197e-34
103797.85379158359 2.1828668575415697e-34
129648.27424497435 2.4600571960216593e-34
180025.8229904759 2.9806983458384386e-34
234589.7598925072 3.4303647674803736e-34
308945.7792462846 3.994782464722262e-34
389995.5060331706 4.524174172986342e-34
481991.078032893 5.0086983882625055e-34
621461.5661577742 5.706748134108368e-34
776233.9645645672 6.28344127988918e-34
1000847.5204394431 7.738661437053515e-34