0.01 0.0
0.011000000000000001 3.353592406568209e-48
0.012100000000000001 2.8584307912618194e-47
0.013310000000000002 1.1200474982883702e-46
0.014641000000000003 3.168420292077708e-46
0.016105100000000004 7.097866485181112e-46
0.017715610000000007 1.4511849784377727e-45
0.019487171000000008 2.739335098342039e-45
0.021435888100000012 4.8124989471326945e-45
0.023579476910000015 8.313717654841921e-45
0.025937424601000018 1.3694232864618658e-44
0.02853116706110002 2.1965547933913423e-44
0.031384283767210024 3.5142445379720703e-44
0.03452271214393103 5.561225896978875e-44
0.03797498335832414 9.200249244699406e-44
0.04177248169415655 1.5965495889812992e-43
0.04594972986357221 2.5213704490658306e-43
0.050544702849929436 4.761650165848902e-43
0.05559917313492239 8.2005100938746e-43
0.06115909044841463 1.4676088451780423e-42
0.0672749994932561 2.4645591873572536e-42
0.07400249944258172 4.1201188497743953e-42
0.0814027493868399 6.653893621495626e-42
0.0895430243255239 1.0330183792364119e-41
0.09849732675807629 1.5007959414178577e-41
0.10834705943388392 2.1310079577595224e-41
0.11918176537727232 2.887347076279612e-41
0.13109994191499957 3.89725380479637e-41
0.14420993610649954 5.109657793322827e-41
0.1586309297171495 6.402953351095215e-41
0.17449402268886446 8.041969194690757e-41
0.19194342495775094 1.0030623102892402e-40
0.21113776745352605 1.2048196403653093e-40
0.23225154419887867 1.4906064211483383e-40
0.25547669861876654 1.7887177744813948e-40
0.2810243684806432 2.178907548813268e-40
0.30912680532870757 2.5321594086015232e-40
0.34003948586157834 2.9829576654964553e-40
0.3740434344477362 3.4835777575809136e-40
0.41144777789250986 4.172572345965796e-40
0.4525925556817609 4.884221676839019e-40
0.497851811249937 5.742789075459843e-40
0.5476369923749307 6.829904773807723e-40
0.6024006916124238 8.223260054441082e-40
0.6626407607736663 9.870705996791113e-40
0.728904836851033 1.1854738289461392e-39
0.8017953205361363 1.4376319997658621e-39
0.8819748525897501 1.7575916764920347e-39
0.9701723378487251 2.1505013531000043e-39
1.0671895716335977 2.6228795545729003e-39
1.1739085287969575 3.19098462860989e-39
1.2912993816766534 3.83078475413253e-39
1.4204293198443187 4.54225148970092e-39
1.5624722518287508 5.356899095978243e-39
1.718719477011626 6.225056322292263e-39
1.8905914247127888 7.148498042074575e-39
2.0796505671840677 8.140681573415471e-39
2.2876156239024747 9.159913106140127e-39
2.5163771862927224 1.0235867119166332e-38
2.768014904921995 1.13953558562268e-38
3.0448163954141947 1.2608668713485147e-38
3.3492980349556145 1.385731273267083e-38
3.6842278384511764 1.5231087746321125e-38
4.052650622296294 1.6630524257503107e-38
4.457915684525924 1.8162594629054858e-38
4.903707252978516 1.9754341267948087e-38
5.394077978276369 2.1459170395866123e-38
5.933485776104006 2.3319391310482385e-38
6.526834353714407 2.5308898996391286e-38
7.179517789085849 2.7457215535879476e-38
7.897469567994435 2.976814112573145e-38
8.687216524793879 3.2306732549686053e-38
9.555938177273267 3.505089616369916e-38
10.511531995000595 3.8051229861466455e-38
11.562685194500656 4.1304520726632115e-38
12.718953713950722 4.4868532362954947e-38
13.990849085345795 4.879061694671883e-38
15.389933993880376 5.30858620603651e-38
16.928927393268417 5.782427757838735e-38
18.62182013259526 6.300013792880518e-38
20.484002145854788 6.869982295439495e-38
22.53240236044027 7.49604747347503e-38
24.785642596484298 8.189412204025437e-38
27.26420685613273 8.94954510749318e-38
29.990627541746004 9.789955437924955e-38
32.98969029592061 1.0717347156475898e-37
36.288659325512675 1.1733344589769543e-37
39.91752525806395 1.2856668683653919e-37
43.909277783870344 1.4094571270079626e-37
48.30020556225738 1.5457801765331024e-37
53.13022611848312 1.6966621623331416e-37
58.44324873033144 1.8623457152624095e-37
64.28757360336459 2.0454740417686843e-37
70.71633096370105 2.2474973678347587e-37
77.78796406007116 2.4697729766107384e-37
85.56676046607828 2.7147116605127786e-37
94.12343651268611 2.984927174197541e-37
103.53578016395473 3.2822809600290795e-37
113.88935818035021 3.610118740714607e-37
125.27829399838525 3.971557818157939e-37
137.80612339822378 4.369468432775223e-37
151.58673573804617 4.8074502241983076e-37
166.7454093118508 5.290256013670221e-37
183.4199502430359 5.822022838690969e-37
201.7619452673395 6.4074194462260474e-37
221.9381397940735 7.051597779023288e-37
244.13195377348086 7.760844420974748e-37
268.545149150829 8.541285705731297e-37
295.3996640659119 9.400195581671753e-37
324.9396304725031 1.0344757270776014e-36
357.43359351975346 1.138410974820179e-36
393.1769528717288 1.2526836748411915e-36
432.4946481589017 1.3783691707747154e-36
475.74411297479196 1.5164795994278752e-36
523.3185242722712 1.668295841402819e-36
575.6503766994985 1.8352093860030593e-36
633.2154143694484 2.018448027701345e-36
696.5369558063933 2.21982499142631e-36
766.1906513870326 2.440992203948654e-36
842.809716525736 2.6837289059107725e-36
927.0906881783097 2.9501699284995852e-36
1019.7997569961408 3.2426101592768963e-36
1121.779732695755 3.5633713388811694e-36
1233.9577059653307 3.9151348370980605e-36
1357.3534765618638 4.3008922598985614e-36
1493.0888242180504 4.7236121465514065e-36
1642.3977066398556 5.186737876487125e-36
1806.6374773038413 5.694117967003257e-36
1987.3012250342256 6.249577861168899e-36
2186.0313475376483 6.857440598262146e-36
2404.6344822914134 7.522969439900993e-36
2645.097930520555 8.25121742100309e-36
2909.6077235726107 9.046184716306759e-36
3200.568495929872 9.915893477507425e-36
3520.6253455228593 1.0867349736866512e-35
3872.6878800751456 1.1889543952745501e-35
4259.95666808266 1.30148061445654e-35
4685.952334890927 1.425070813833102e-35
5154.5475683800205 1.5598636484034882e-35
5670.002325218023 1.7071615000576562e-35
6237.0025577398255 1.8679265765533078e-35
6860.702813513809 2.04317736053669e-35
7546.773094865191 2.2347403457617284e-35
8301.45040435171 2.4439169495906766e-35
9131.595444786883 2.672261541109466e-35
10044.754989265572 2.9222887125101443e-35
11049.23048819213 3.197194445660722e-35
12219.930019187883 3.681866435816368e-35
15298.71253308255 4.448960803733335e-35
19153.187031545058 5.335375698929633e-35
25106.60682789156 6.583943771537737e-35
33418.62643645284 8.1791972490516e-35
46337.447710928725 1.0449596469961552e-34
63923.08919633661 1.3185544341573392e-34
86841.99634728256 1.6444849584781846e-34
118582.25634013907 2.0104833895329184e-34
160277.9894726541 2.381018553022814e-34
212254.3466679717 2.8190497670883554e-34
285425.58619666426 3.3582273456178057e-34
387761.73094169353 4.042337281110235e-34
516137.62550727924 4.80890960881244e-34
708391.4291663658 5.815481073304265e-34
882351.4343424565 6.626304117164011e-34
1007641.7379417797 7.332232411826821e-34