0.01 0.0
0.011000000000000001 0.0
0.012100000000000001 0.0
0.013310000000000002 0.0
0.014641000000000003 0.0
0.016105100000000004 0.0
0.017715610000000007 0.0
0.019487171000000008 0.0
0.021435888100000012 0.0
0.023579476910000015 0.0
0.025937424601000018 0.0
0.02853116706110002 0.0
0.031384283767210024 0.0
0.03452271214393103 0.0
0.03797498335832414 0.0
0.04177248169415655 0.0
0.04594972986357221 0.0
0.050544702849929436 0.0
0.05559917313492239 0.0
0.06115909044841463 0.0
0.0672749994932561 0.0
0.07400249944258172 0.0
0.0814027493868399 0.0
0.0895430243255239 0.0
0.09849732675807629 0.0
0.10834705943388392 0.0
0.11918176537727232 3.7226506901611607e-44
0.13109994191499957 8.272487756381227e-43
0.14420993610649954 7.01665140754587e-42
0.1586309297171495 2.0818342886496811e-41
0.17449402268886446 4.014998189518602e-41
0.19194342495775094 6.255445668148459e-41
0.21113776745352605 9.101441357678797e-41
0.23225154419887867 1.1775314083468647e-40
0.25547669861876654 1.4955816874014259e-40
0.2810243684806432 1.8380982855684656e-40
0.30912680532870757 2.2195465623732468e-40
0.34003948586157834 2.65135860675349e-40
0.3740434344477362 3.192269611896318e-40
0.41144777789250986 3.751888694690427e-40
0.4525925556817609 4.395233804315241e-40
0.497851811249937 5.224898177527307e-40
0.5476369923749307 6.22449387150543e-40
0.6024006916124238 7.398386554028836e-40
0.6626407607736663 8.84626016641681e-40
0.728904836851033 1.0736091384950945e-39
0.8017953205361363 1.2969434026570279e-39
0.8819748525897501 1.5762383528258244e-39
0.9701723378487251 1.921438512916201e-39
1.0671895716335977 2.3619389444991236e-39
1.1739085287969575 2.8718855176634647e-39
1.2912993816766534 3.480063962690456e-39
1.4204293198443187 4.193931991366907e-39
1.5624722518287508 4.9633136055287385e-39
1.718719477011626 5.82460732525603e-39
1.8905914247127888 6.709551273422205e-39
2.0796505671840677 7.73254399218983e-39
2.2876156239024747 8.774925695433892e-39
2.5163771862927224 9.879745712976355e-39
2.768014904921995 1.1034245329714587e-38
3.0448163954141947 1.2234713597164866e-38
3.3492980349556145 1.3541698921809512e-38
3.6842278384511764 1.4895689319873537e-38
4.052650622296294 1.63081390089449e-38
4.457915684525924 1.783459988141603e-38
4.903707252978516 1.9442517012644334e-38
5.394077978276369 2.1162745234130607e-38
5.933485776104006 2.3009435186584325e-38
6.526834353714407 2.5012944188849877e-38
7.179517789085849 2.7182994842243873e-38
7.897469567994435 2.948239844498588e-38
8.687216524793879 3.2000954776430857e-38
9.555938177273267 3.47894958214943e-38
10.511531995000595 3.7751866821590013e-38
11.562685194500656 4.1040214980626175e-38
12.718953713950722 4.461995711968528e-38
13.990849085345795 4.850492001375291e-38
15.389933993880376 5.281516247301797e-38
16.928927393268417 5.7546281314161e-38
18.62182013259526 6.272777048516628e-38
20.484002145854788 6.841034909365346e-38
22.53240236044027 7.469259299291687e-38
24.785642596484298 8.161526202506905e-38
27.26420685613273 8.91896692159039e-38
29.990627541746004 9.754508332864349e-38
32.98969029592061 1.0681002757409135e-37
36.288659325512675 1.1696914353175001e-37
39.91752525806395 1.2820674280780997e-37
43.909277783870344 1.4054245844936464e-37
48.30020556225738 1.5420117167288047e-37
53.13022611848312 1.6922025795366592e-37
58.44324873033144 1.8577108350660633e-37
64.28757360336459 2.0406042735061548e-37
70.71633096370105 2.2421143752600418e-37
77.78796406007116 2.464179860593629e-37
85.56676046607828 2.709111227516098e-37
94.12343651268611 2.978872317748002e-37
103.53578016395473 3.2761168435467555e-37
113.88935818035021 3.6036215899784647e-37
125.27829399838525 3.964027100829204e-37
137.80612339822378 4.361462175243659e-37
151.58673573804617 4.799310040594649e-37
166.7454093118508 5.281272585549619e-37
183.4199502430359 5.812739457690225e-37
201.7619452673395 6.3972313722114265e-37
221.9381397940735 7.0409275284973215e-37
244.13195377348086 7.749270220815732e-37
268.545149150829 8.529488689183545e-37
295.3996640659119 9.387560862116499e-37
324.9396304725031 1.033137348529619e-36
357.43359351975346 1.136961264636081e-36
393.1769528717288 1.2511512154813895e-36
432.4946481589017 1.3767181359578378e-36
475.74411297479196 1.514660387956071e-36
523.3185242722712 1.666361783888747e-36
575.6503766994985 1.8330803155393272e-36
633.2154143694484 2.0162180902952e-36
696.5369558063933 2.2174044304449768e-36
766.1906513870326 2.4383304313259306e-36
842.809716525736 2.6809112780136945e-36
927.0906881783097 2.9471772082390025e-36
1019.7997569961408 3.2392828119958206e-36
1121.779732695755 3.55979644146601e-36
1233.9577059653307 3.911311764995206e-36
1357.3534765618638 4.296694945095083e-36
1493.0888242180504 4.719090561559713e-36
1642.3977066398556 5.1818155642604186e-36
1806.6374773038413 5.688737969191052e-36
1987.3012250342256 6.243832547221955e-36
2186.0313475376483 6.851381246513563e-36
2404.6344822914134 7.515870224297309e-36
2645.097930520555 8.24343982798989e-36
2909.6077235726107 9.038337095052493e-36
3200.568495929872 9.907188377088637e-36
3520.6253455228593 1.0857842458217673e-35
3872.6878800751456 1.1884106275392732e-35
4259.95666808266 1.300360854306247e-35
4685.952334890927 1.4238846920301457e-35
5154.5475683800205 1.5585284486932826e-35
5670.002325218023 1.705669950743787e-35
6237.0025577398255 1.8662555931829445e-35
6860.702813513809 2.041634933132353e-35
7546.773094865191 2.2327866496005008e-35
8301.45040435171 2.4417525559433016e-35
9131.595444786883 2.670051629039429e-35
10044.754989265572 2.919746737800698e-35
11049.23048819213 3.1943040583854406e-35
12219.930019187883 3.681866435816368e-35
15298.71253308255 4.448960803733335e-35
19153.187031545058 5.335375698929633e-35
25106.60682789156 6.583943771537737e-35
33418.62643645284 8.1791972490516e-35
46337.447710928725 1.0449596469961552e-34
63923.08919633661 1.3185544341573392e-34
86841.99634728256 1.6444849584781846e-34
118582.25634013907 2.0104833895329184e-34
160277.9894726541 2.381018553022814e-34
212254.3466679717 2.8190497670883554e-34
285425.58619666426 3.3582273456178057e-34
387761.73094169353 4.042337281110235e-34
516137.62550727924 4.80890960881244e-34
708391.4291663658 5.815481073304265e-34
882351.4343424565 6.626304117164011e-34
1007641.7379417797 7.332232411826821e-34