0.01 0.0
0.011000000000000001 0.0
0.012100000000000001 0.0
0.013310000000000002 0.0
0.014641000000000003 0.0
0.016105100000000004 0.0
0.017715610000000007 0.0
0.019487171000000008 0.0
0.021435888100000012 0.0
0.023579476910000015 0.0
0.025937424601000018 0.0
0.02853116706110002 0.0
0.031384283767210024 0.0
0.03452271214393103 0.0
0.03797498335832414 0.0
0.04177248169415655 0.0
0.04594972986357221 0.0
0.050544702849929436 0.0
0.05559917313492239 0.0
0.06115909044841463 0.0
0.0672749994932561 0.0
0.07400249944258172 0.0
0.0814027493868399 0.0
0.0895430243255239 0.0
0.09849732675807629 0.0
0.10834705943388392 0.0
0.11918176537727232 0.0
0.13109994191499957 0.0
0.14420993610649954 0.0
0.1586309297171495 0.0
0.17449402268886446 0.0
0.19194342495775094 0.0
0.21113776745352605 0.0
0.23225154419887867 0.0
0.25547669861876654 0.0
0.2810243684806432 0.0
0.30912680532870757 0.0
0.34003948586157834 0.0
0.3740434344477362 0.0
0.41144777789250986 0.0
0.4525925556817609 0.0
0.497851811249937 0.0
0.5476369923749307 0.0
0.6024006916124238 0.0
0.6626407607736663 0.0
0.728904836851033 0.0
0.8017953205361363 0.0
0.8819748525897501 0.0
0.9701723378487251 0.0
1.0671895716335977 0.0
1.1739085287969575 0.0
1.2912993816766534 0.0
1.4204293198443187 0.0
1.5624722518287508 0.0
1.718719477011626 0.0
1.8905914247127888 0.0
2.0796505671840677 9.948398745612744e-46
2.2876156239024747 1.092260848266631e-43
2.5163771862927224 5.77455229457353e-43
2.768014904921995 4.0593352981869116e-42
3.0448163954141947 2.9394421261123795e-40
3.3492980349556145 6.1709640804914e-40
3.6842278384511764 1.1043969657530373e-39
4.052650622296294 1.6968716719981943e-39
4.457915684525924 2.506497300352133e-39
4.903707252978516 3.521568669619683e-39
5.394077978276369 4.6113752159191103e-39
5.933485776104006 6.106287876174077e-39
6.526834353714407 7.928123963898408e-39
7.179517789085849 9.942883295903816e-39
7.897469567994435 1.2387173067652609e-38
8.687216524793879 1.5217253805911697e-38
9.555938177273267 1.8493041774515228e-38
10.511531995000595 2.2240440218563874e-38
11.562685194500656 2.6578377022438577e-38
12.718953713950722 3.165238235069465e-38
13.990849085345795 3.7418593991538053e-38
15.389933993880376 4.39612283605672e-38
16.928927393268417 5.146263432235356e-38
18.62182013259526 6.001073293849325e-38
20.484002145854788 6.965832005381781e-38
22.53240236044027 8.064040942446772e-38
24.785642596484298 9.291561222364976e-38
27.26420685613273 1.068129423448032e-37
29.990627541746004 1.2244128590408385e-37
32.98969029592061 1.3990972367942304e-37
36.288659325512675 1.5944309990831593e-37
39.91752525806395 1.8120700774150362e-37
43.909277783870344 2.0549614855909125e-37
48.30020556225738 2.325943730534315e-37
53.13022611848312 2.6275508034701632e-37
58.44324873033144 2.9612614689010664e-37
64.28757360336459 3.3319489227000505e-37
70.71633096370105 3.7430478552659168e-37
77.78796406007116 4.1975493429082596e-37
85.56676046607828 4.7005328423367876e-37
94.12343651268611 5.257315508902607e-37
103.53578016395473 5.8709181502211085e-37
113.88935818035021 6.548479552426092e-37
125.27829399838525 7.29536874623039e-37
137.80612339822378 8.119487443322581e-37
151.58673573804617 9.027439564976648e-37
166.7454093118508 1.002678163794998e-36
183.4199502430359 1.1127759972736987e-36
201.7619452673395 1.2337860340940781e-36
221.9381397940735 1.3669649289721185e-36
244.13195377348086 1.513306143709248e-36
268.545149150829 1.6741016949768128e-36
295.3996640659119 1.8504928901273234e-36
324.9396304725031 2.0441702018480813e-36
357.43359351975346 2.2566556069464828e-36
393.1769528717288 2.489768765452347e-36
432.4946481589017 2.7450970840313208e-36
475.74411297479196 3.024886799179295e-36
523.3185242722712 3.3311636950556785e-36
575.6503766994985 3.6663053586890416e-36
633.2154143694484 4.0329509817028224e-36
696.5369558063933 4.433682899058402e-36
766.1906513870326 4.871703652156571e-36
842.809716525736 5.3495985900307844e-36
927.0906881783097 5.8710671303554974e-36
1019.7997569961408 6.43970916999225e-36
1121.779732695755 7.059259539577865e-36
1233.9577059653307 7.733926100561955e-36
1357.3534765618638 8.46806233954748e-36
1493.0888242180504 9.265660412746235e-36
1642.3977066398556 1.0132285402188407e-35
1806.6374773038413 1.1073364104484969e-35
1987.3012250342256 1.2093348929925328e-35
2186.0313475376483 1.3198130097415573e-35
2404.6344822914134 1.4394321327596367e-35
2645.097930520555 1.5687998828111152e-35
2909.6077235726107 1.7084516855565275e-35
3200.568495929872 1.859345221111889e-35
3520.6253455228593 2.0218854630181355e-35
3872.6878800751456 2.1963230655319506e-35
4259.95666808266 2.384926811233691e-35
4685.952334890927 2.5875709113326883e-35
5154.5475683800205 2.8051935790983863e-35
5670.002325218023 3.039197039339414e-35
6237.0025577398255 3.290201713162111e-35
6860.702813513809 3.559815982396954e-35
7546.773094865191 3.849719033847056e-35
8301.45040435171 4.161509623121243e-35
9131.595444786883 4.4979405016496274e-35
10044.754989265572 4.862009827439852e-35
11049.23048819213 5.261217876830289e-35
12353.654122500435 5.510159846515667e-35
16269.2919808768 6.705969286508403e-35
20107.035746272795 7.753070746652769e-35
26480.200285858995 9.346179008050517e-35
35244.670200558474 1.1331809098815922e-34
42196.45223404648 1.2648733433213444e-34
52150.12272403387 1.4371544942179347e-34
65137.892218951194 1.6533307362537463e-34
84880.50348397047 1.9389530873224197e-34
103797.85379158359 2.1828668575415697e-34
129648.27424497435 2.4600571960216593e-34
180025.8229904759 2.9806983458384386e-34
234589.7598925072 3.4303647674803736e-34
308945.7792462846 3.994782464722262e-34
389995.5060331706 4.524174172986342e-34
481991.078032893 5.0086983882625055e-34
621461.5661577742 5.706748134108368e-34
776233.9645645672 6.28344127988918e-34
1000847.5204394431 7.738661437053515e-34