0.01 0.0
0.011000000000000001 0.0
0.012100000000000001 0.0
0.013310000000000002 0.0
0.014641000000000003 0.0
0.016105100000000004 0.0
0.017715610000000007 0.0
0.019487171000000008 0.0
0.021435888100000012 0.0
0.023579476910000015 0.0
0.025937424601000018 0.0
0.02853116706110002 0.0
0.031384283767210024 0.0
0.03452271214393103 0.0
0.03797498335832414 0.0
0.04177248169415655 0.0
0.04594972986357221 0.0
0.050544702849929436 0.0
0.05559917313492239 0.0
0.06115909044841463 0.0
0.0672749994932561 0.0
0.07400249944258172 0.0
0.0814027493868399 0.0
0.0895430243255239 0.0
0.09849732675807629 0.0
0.10834705943388392 0.0
0.11918176537727232 0.0
0.13109994191499957 0.0
0.14420993610649954 0.0
0.1586309297171495 0.0
0.17449402268886446 0.0
0.19194342495775094 0.0
0.21113776745352605 0.0
0.23225154419887867 0.0
0.25547669861876654 0.0
0.2810243684806432 0.0
0.30912680532870757 0.0
0.34003948586157834 0.0
0.3740434344477362 0.0
0.41144777789250986 0.0
0.4525925556817609 0.0
0.497851811249937 0.0
0.5476369923749307 0.0
0.6024006916124238 0.0
0.6626407607736663 0.0
0.728904836851033 0.0
0.8017953205361363 0.0
0.8819748525897501 0.0
0.9701723378487251 0.0
1.0671895716335977 0.0
1.1739085287969575 0.0
1.2912993816766534 0.0
1.4204293198443187 0.0
1.5624722518287508 0.0
1.718719477011626 0.0
1.8905914247127888 0.0
2.0796505671840677 2.4439449512148863e-47
2.2876156239024747 1.2055144921096024e-44
2.5163771862927224 1.9883277591522343e-43
2.768014904921995 1.1017845779249055e-42
3.0448163954141947 4.0171488363674803e-41
3.3492980349556145 8.534970890998335e-41
3.6842278384511764 1.9171090500258265e-40
4.052650622296294 3.862307660056322e-40
4.457915684525924 6.489293728453927e-40
4.903707252978516 1.0124890829526657e-39
5.394077978276369 1.5170287171292618e-39
5.933485776104006 2.1317119124383503e-39
6.526834353714407 2.931109660578795e-39
7.179517789085849 3.909636514318108e-39
7.897469567994435 5.07853013301401e-39
8.687216524793879 6.449928460377866e-39
9.555938177273267 8.017517933216581e-39
10.511531995000595 9.80009446601647e-39
11.562685194500656 1.1860139981011944e-38
12.718953713950722 1.4154538863100667e-38
13.990849085345795 1.6797780076849026e-38
15.389933993880376 1.9712290139310187e-38
16.928927393268417 2.3013631391419129e-38
18.62182013259526 2.675091775416691e-38
20.484002145854788 3.0842404537802764e-38
22.53240236044027 3.5524029855301354e-38
24.785642596484298 4.0692487278053095e-38
27.26420685613273 4.6510248040454835e-38
29.990627541746004 5.303224180199394e-38
32.98969029592061 6.026268227483546e-38
36.288659325512675 6.840108622377708e-38
39.91752525806395 7.742109694041433e-38
43.909277783870344 8.752421342051724e-38
48.30020556225738 9.880828507118332e-38
53.13022611848312 1.1134808626488763e-37
58.44324873033144 1.2537851000361575e-37
64.28757360336459 1.4090208622728533e-37
70.71633096370105 1.5826438554536048e-37
77.78796406007116 1.7754408468501975e-37
85.56676046607828 1.989362492425734e-37
94.12343651268611 2.2277483629801434e-37
103.53578016395473 2.491159886182066e-37
113.88935818035021 2.7825627957153383e-37
125.27829399838525 3.1056344105550518e-37
137.80612339822378 3.464608689867941e-37
151.58673573804617 3.862647236112324e-37
166.7454093118508 4.3036775959916e-37
183.4199502430359 4.792503671967342e-37
201.7619452673395 5.333421237983297e-37
221.9381397940735 5.9322661805012576e-37
244.13195377348086 6.593712482561563e-37
268.545149150829 7.325917350104495e-37
295.3996640659119 8.134252006891187e-37
324.9396304725031 9.027337189589366e-37
357.43359351975346 1.0013451949144848e-36
393.1769528717288 1.110126474531305e-36
432.4946481589017 1.2300953072112858e-36
475.74411297479196 1.3624111217631775e-36
523.3185242722712 1.508257096372334e-36
575.6503766994985 1.6688900612958547e-36
633.2154143694484 1.845903625540023e-36
696.5369558063933 2.0406382668584687e-36
766.1906513870326 2.2549767874643077e-36
842.809716525736 2.4908227068313982e-36
927.0906881783097 2.7501570596719167e-36
1019.7997569961408 3.035249006450665e-36
1121.779732695755 3.3481865317531266e-36
1233.9577059653307 3.692061747796488e-36
1357.3534765618638 4.069945674634156e-36
1493.0888242180504 4.483797153270565e-36
1642.3977066398556 4.9384603904877516e-36
1806.6374773038413 5.437040805315526e-36
1987.3012250342256 5.983175200177056e-36
2186.0313475376483 6.581666115049042e-36
2404.6344822914134 7.237087490480628e-36
2645.097930520555 7.954648210999793e-36
2909.6077235726107 8.739278134120083e-36
3200.568495929872 9.59832132267398e-36
3520.6253455228593 1.0536662333298625e-35
3872.6878800751456 1.1556476940191283e-35
4259.95666808266 1.2677391013933244e-35
4685.952334890927 1.390173687034464e-35
5154.5475683800205 1.5236883462667117e-35
5670.002325218023 1.669780516294205e-35
6237.0025577398255 1.8291762579713554e-35
6860.702813513809 2.0031702114193062e-35
7546.773094865191 2.1932802701983913e-35
8301.45040435171 2.4009702582889654e-35
9131.595444786883 2.6279331007190274e-35
10044.754989265572 2.876223574589236e-35
11049.23048819213 3.1491284701395107e-35
12219.930019187883 3.681866435816368e-35
15298.71253308255 4.448960803733335e-35
19153.187031545058 5.335375698929633e-35
25106.60682789156 6.583943771537737e-35
33418.62643645284 8.1791972490516e-35
46337.447710928725 1.0449596469961552e-34
63923.08919633661 1.3185544341573392e-34
86841.99634728256 1.6444849584781846e-34
118582.25634013907 2.0104833895329184e-34
160277.9894726541 2.381018553022814e-34
212254.3466679717 2.8190497670883554e-34
285425.58619666426 3.3582273456178057e-34
387761.73094169353 4.042337281110235e-34
516137.62550727924 4.80890960881244e-34
708391.4291663658 5.815481073304265e-34
882351.4343424565 6.626304117164011e-34
1007641.7379417797 7.332232411826821e-34