0.01 0.0
0.011000000000000001 3.757934570166076e-48
0.012100000000000001 3.2174244647317117e-47
0.013310000000000002 1.2655621956760403e-46
0.014641000000000003 1.1419467130454297e-44
0.016105100000000004 1.8738501451136867e-44
0.017715610000000007 1.8574850092765386e-43
0.019487171000000008 1.593144002312623e-42
0.021435888100000012 2.546816384454617e-42
0.023579476910000015 6.344317660773268e-42
0.025937424601000018 7.387702909275466e-42
0.02853116706110002 7.13452013904586e-42
0.031384283767210024 7.172584088901668e-42
0.03452271214393103 6.69328051472209e-42
0.03797498335832414 7.55255432993502e-42
0.04177248169415655 1.0010210133909095e-41
0.04594972986357221 1.328327246678538e-41
0.050544702849929436 1.8503279167462188e-41
0.05559917313492239 2.530198923773526e-41
0.06115909044841463 3.6941464914245597e-41
0.0672749994932561 5.406309085318917e-41
0.07400249944258172 7.230595673667509e-41
0.0814027493868399 1.0380020266277237e-40
0.0895430243255239 1.4347136538535656e-40
0.09849732675807629 1.910795542425599e-40
0.10834705943388392 2.4674708950887102e-40
0.11918176537727232 3.181318972927855e-40
0.13109994191499957 4.035527399656355e-40
0.14420993610649954 4.912300345190979e-40
0.1586309297171495 6.150682867594273e-40
0.17449402268886446 7.615435594789075e-40
0.19194342495775094 9.096749340202412e-40
0.21113776745352605 1.1232011968097826e-39
0.23225154419887867 1.370217886435046e-39
0.25547669861876654 1.6402498851082568e-39
0.2810243684806432 1.9123038210859827e-39
0.30912680532870757 2.3163560703520263e-39
0.34003948586157834 2.7212705551104466e-39
0.3740434344477362 3.2358131847275604e-39
0.41144777789250986 3.800377236550147e-39
0.4525925556817609 4.464614538893819e-39
0.497851811249937 5.2578951759589605e-39
0.5476369923749307 6.09984587337927e-39
0.6024006916124238 7.060601566615473e-39
0.6626407607736663 8.037494598893875e-39
0.728904836851033 9.095490480291722e-39
0.8017953205361363 1.016130904848495e-38
0.8819748525897501 1.1243533720908802e-38
0.9701723378487251 1.237492447673686e-38
1.0671895716335977 1.3357959895397586e-38
1.1739085287969575 1.4426141235516332e-38
1.2912993816766534 1.5493535857240715e-38
1.4204293198443187 1.6629031069313063e-38
1.5624722518287508 1.7822981685128484e-38
1.718719477011626 1.913005144001601e-38
1.8905914247127888 2.0474799272754738e-38
2.0796505671840677 2.1941181161548278e-38
2.2876156239024747 2.353029766456706e-38
2.5163771862927224 2.5320639122367443e-38
2.768014904921995 2.72317386353064e-38
3.0448163954141947 2.9372801793066884e-38
3.3492980349556145 3.166858362317474e-38
3.6842278384511764 3.412559688197523e-38
4.052650622296294 3.685627251253489e-38
4.457915684525924 3.9803668887413985e-38
4.903707252978516 4.3033346961099233e-38
5.394077978276369 4.6539795086661463e-38
5.933485776104006 5.03913506864094e-38
6.526834353714407 5.479066235735363e-38
7.179517789085849 5.946522632255058e-38
7.897469567994435 6.47186107385187e-38
8.687216524793879 7.04315406805212e-38
9.555938177273267 7.679791720951126e-38
10.511531995000595 8.371848275581696e-38
11.562685194500656 9.139254652995326e-38
12.718953713950722 9.984008150336927e-38
13.990849085345795 1.0900393718805737e-37
15.389933993880376 1.1924284075613841e-37
16.928927393268417 1.3038675003148366e-37
18.62182013259526 1.4272029475682707e-37
20.484002145854788 1.562172704244138e-37
22.53240236044027 1.7103384484285928e-37
24.785642596484298 1.8740548044970336e-37
27.26420685613273 2.053290269237082e-37
29.990627541746004 2.25069669335273e-37
32.98969029592061 2.4676585444221977e-37
36.288659325512675 2.705876049506335e-37
39.91752525806395 2.9678004908888536e-37
43.909277783870344 3.255566612712607e-37
48.30020556225738 3.5714632363571327e-37
53.13022611848312 3.9187222643181445e-37
58.44324873033144 4.2993520094297335e-37
64.28757360336459 4.718335896420297e-37
70.71633096370105 5.177917430626157e-37
77.78796406007116 5.682220578730597e-37
85.56676046607828 6.235938975941556e-37
94.12343651268611 6.84365328289394e-37
103.53578016395473 7.511085865763011e-37
113.88935818035021 8.242640338535016e-37
125.27829399838525 9.046159919988334e-37
137.80612339822378 9.926771231150302e-37
151.58673573804617 1.0892494521698902e-36
166.7454093118508 1.1952085465375654e-36
183.4199502430359 1.311439920261239e-36
201.7619452673395 1.4387625386814737e-36
221.9381397940735 1.5782628343540068e-36
244.13195377348086 1.7311909597250833e-36
268.545149150829 1.898718906344189e-36
295.3996640659119 2.0822641888431152e-36
324.9396304725031 2.2831135765814347e-36
357.43359351975346 2.503008077740289e-36
393.1769528717288 2.7436790994002316e-36
432.4946481589017 3.0070098678188483e-36
475.74411297479196 3.294871737958039e-36
523.3185242722712 3.609564780052383e-36
575.6503766994985 3.953643091847129e-36
633.2154143694484 4.3293324130188284e-36
696.5369558063933 4.7393438836701904e-36
766.1906513870326 5.18703120196831e-36
842.809716525736 5.6751016450326e-36
927.0906881783097 6.207268342903969e-36
1019.7997569961408 6.787166577834547e-36
1121.779732695755 7.418312463943098e-36
1233.9577059653307 8.104999736031569e-36
1357.3534765618638 8.852093339253748e-36
1493.0888242180504 9.663376078216951e-36
1642.3977066398556 1.0543794592737382e-35
1806.6374773038413 1.1499811729164997e-35
1987.3012250342256 1.2535259949758885e-35
2186.0313475376483 1.3656509818497792e-35
2404.6344822914134 1.4870513105357281e-35
2645.097930520555 1.6182422728021975e-35
2909.6077235726107 1.7598012572594122e-35
3200.568495929872 1.9126928673202013e-35
3520.6253455228593 2.0774866266812885e-35
3872.6878800751456 2.2532659299530557e-35
4259.95666808266 2.443388301769703e-35
4685.952334890927 2.648313388464294e-35
5154.5475683800205 2.868275585320728e-35
5670.002325218023 3.104768088365706e-35
6237.0025577398255 3.358393159371026e-35
6860.702813513809 3.630385324611446e-35
7546.773094865191 3.92305088890024e-35
8301.45040435171 4.2374006480237945e-35
9131.595444786883 4.576048972382013e-35
10044.754989265572 4.942966324102838e-35
11049.23048819213 5.34573943390397e-35
12353.654122500435 5.510159846515667e-35
16269.2919808768 6.705969286508403e-35
20107.035746272795 7.753070746652769e-35
26480.200285858995 9.346179008050517e-35
35244.670200558474 1.1331809098815922e-34
42196.45223404648 1.2648733433213444e-34
52150.12272403387 1.4371544942179347e-34
65137.892218951194 1.6533307362537463e-34
84880.50348397047 1.9389530873224197e-34
103797.85379158359 2.1828668575415697e-34
129648.27424497435 2.4600571960216593e-34
180025.8229904759 2.9806983458384386e-34
234589.7598925072 3.4303647674803736e-34
308945.7792462846 3.994782464722262e-34
389995.5060331706 4.524174172986342e-34
481991.078032893 5.0086983882625055e-34
621461.5661577742 5.706748134108368e-34
776233.9645645672 6.28344127988918e-34
1000847.5204394431 7.738661437053515e-34