-2.002729754322111    -1.4267515923566876
-1.773430391264787    -1.4267515923566876
-1.571428571428572    -1.4049135577797989
-1.369426751592357    -1.372156505914468
-1.183803457688808    -1.3284804367606915
-1.0145586897179264   -1.273885350318471
-0.8453139217470431   -1.2083712465878067
-0.6760691537761607   -1.1210191082802545
-0.5177434030937231   -1.0336669699727032
-0.3757961783439496   -0.9408553230209282
-0.23930846223839897  -0.8371246587807102
-0.12465878070973702  -0.7388535031847132
0.011828935395813645  -0.6132848043676074
0.12647861692447648   -0.47133757961783473
0.2465878070973604    -0.31301182893539536
0.33393994540491256   -0.18198362147406755
0.40491355777979976   -0.045495905368516
0.48134667879890713    0.1128298453139216
0.5414012738853495     0.2875341219290264
0.59599636032757       0.4676979071883536
0.6287534121929017     0.6478616924476794
0.6505914467697904     0.8334849863512281
0.6560509554140124     0.9699727024567779
0.6505914467697904     1.1665150136487732
0.6342129208371245     1.3139217470427655
0.6014558689717928     1.4886260236578703
0.5523202911737926     1.6851683348498616
0.497725204731573      1.8380345768880795
0.4267515923566876     1.996360327570518
0.33393994540491256    2.1710646041856223
0.24112829845313843    2.318471337579617
0.13193812556869844    2.460418562329389
0.006369426751591689   2.613284804367606
-0.0919017288444044    2.7115559599636025
-0.2120109190172883    2.8152866242038206
-0.3321201091901731    2.9080982711555947
-0.5122838944495003    3.0282074613284795
-0.7033666969972705    3.1373976342129195
-0.8671519563239309    3.2138307552320278
-1.0636942675159249    3.290263876251136
-1.2493175614194723    3.3448589626933565
-1.4567788898999092    3.3885350318471326
-1.6314831665150145    3.410373066424021
-1.8389444949954514    3.4322111010009086
-2.05186533212011      3.4267515923566867
-2.232029117379436     3.410373066424021
-2.439490445859873     3.3776160145586887
-2.5923566878980893    3.3448589626933565
-2.7452229299363062    3.3011828935395804
-2.8980891719745228    3.24658780709736
-3.056414922656961     3.181073703366696
-3.192902638762512     3.1155595996360317
-3.3566878980891723    3.0172884440400356
-3.4877161055505006    2.929936305732483
-3.6078252957233854    2.842584167424931
-3.7279344858962693    2.7333939945404904
-3.848043676069154     2.6242038216560504
-3.9681528662420384    2.4822565969062778
-4.066424021838035     2.356687898089171
-4.131938125568699     2.263876251137397
-4.208371246587808     2.132848043676068
-4.279344858962694     1.996360327570518
-4.339399454049136     1.8707916287534112
-4.393994540491356     1.7179253867151951
-4.448589626933576     1.5268425841674258
-4.486806187443131     1.3139217470427655
-4.503184713375797     1.150136487716105
-4.508644222020019     0.9645131938125564
-4.492265696087353     0.7242948134667873
-4.464968152866242     0.5605095541401277
-4.426751592356688     0.3967242948134664
-4.372156505914468     0.22747952684258355
-4.301182893539582     0.04731574158325724
-4.2192902638762515   -0.1164695177434032
-4.082802547770701    -0.33484986351228496
-3.9572338489535945   -0.4986351228389445
-3.853503184713376    -0.6187443130118284
-3.6842584167424937   -0.7770700636942669
-3.5313921747042767   -0.9026387625113736
-3.3348498635122845   -1.0336669699727024
-3.1383075523202915   -1.1428571428571432
-2.9199272065514106   -1.2411282984531384
-2.690627843494086    -1.3230209281164695
-2.4831665150136493   -1.372156505914468
-2.24294813466788     -1.4103730664240217
-2.002729754322111    -1.4267515923566876
