-1.904458598726115   -0.06187443130118275
-1.6369426751592364  -0.01819836214740711
-1.3803457688808018   0.07461328480436791
-1.2056414922656966   0.18926296633302986
-1.05277525022748     0.3312101910828025
-0.9326660600545953   0.5059144676979068
-0.8453139217470431   0.7024567788898994
-0.8125568698817105   0.8989990900818916
-0.8016378525932675   1.002729754322111
-0.8125568698817114   1.150136487716105
-0.8453139217470431   1.2811646951774338
-0.8889899909008196   1.4012738853503177
-0.9435850773430401   1.5104640582347586
-1.0418562329390353   1.6524112829845308
-1.1401273885350323   1.7506824385805273
-1.2383985441310292   1.8380345768880795
-1.3585077343039131   1.9144676979071873
-1.4895359417652418   1.9745222929936301
-1.6642402183803462   2.02911737943585
-1.795268425841675    2.045495905368516
-1.9699727024567792   2.05641492265696
-2.144676979071884    2.034576888080072
-2.286624203821656    2.00181983621474
-2.439490445859873    1.9363057324840756
-2.5377616014558693   1.8817106460418556
-2.663330300272976    1.7943585077343034
-2.767060964513194    1.6960873521383069
-2.876251137397635    1.5650591446769786
-2.9636032757051867   1.4012738853503177
-3.018198362147407    1.2374886260236577
-3.0509554140127393   1.0464058234758857
-3.040036396724295    0.8880800727934481
-3.018198362147407    0.7679708826205638
-2.9799818016378525   0.642402183803457
-2.8980891719745228   0.46769790718835225
-2.7452229299363062   0.27661510464058203
-2.559599636032757    0.1237488626023655
-2.3412192902638767   0.01455868971792551
-2.1228389444949958  -0.04003639672429493
-1.904458598726115   -0.06187443130118275
