-1.9372156505914466  0.17834394904458595
-1.6969972702456788  0.1947224749772518
-1.5059144676979068  0.24931756141947226
-1.3312101910828025  0.3312101910828025
-1.183803457688808   0.4349408553230205
-1.0636942675159249  0.5605095541401273
-0.959963603275706   0.7242948134667868
-0.9053685168334855  0.9208371246587803
-0.8999090081892644  1.0354868061874427
-0.9217470427661514  1.171974522292993
-0.9708826205641499  1.3030027297543216
-1.0418562329390353  1.4176524112829836
-1.1292083712465883  1.5213830755232025
-1.2329390354868064  1.6087352138307547
-1.3421292083712473  1.679708826205641
-1.478616924476797   1.7452229299363053
-1.6369426751592355  1.7943585077343034
-1.8225659690627847  1.8216560509554132
-2.0136487716105567  1.8271155595996351
-2.171974522292994   1.799818016378525
-2.3193812556869884  1.7616014558689712
-2.455868971792539   1.7070063694267512
-2.608735213830756   1.6141947224749762
-2.734303912647862   1.5050045495905362
-2.848953594176525   1.3630573248407623
-2.9144676979071886  1.2156505914467695
-2.947224749772521   1.0737033666969968
-2.947224749772521   0.9372156505914462
-2.9090081892629662  0.7679708826205638
-2.8325750682438584  0.6205641492265697
-2.7397634212920843  0.5004549590536844
-2.614194722474978   0.3912647861692444
-2.461328480436761   0.2984531392174703
-2.3084622383985445  0.23293903548680595
-2.177434030937216   0.20018198362147377
-2.0573248407643314  0.1838034576888079
-1.9372156505914466  0.17834394904458595
