-1.9426751592356712   -0.30209281164695145
-1.7570518653321212   -0.2966333030027295
-1.56596906278435     -0.2693357597816197
-1.380345768880801    -0.22565969062784408
-1.2001819836214747   -0.16560509554140168
-1.0309372156505914   -0.08917197452229253
-0.8780709736123757   0.0036396724294798233
-0.7252047315741592   0.1237488626023655
-0.5941765241128305   0.2602365787079157
-0.47952684258416856  0.4076433121019112
-0.3921747042766164   0.5768880800727918
-0.3321201091901749   0.7570518653321199
-0.3048225659690633   0.9481346678798901
-0.31574158325750723  1.1337579617834392
-0.3539581437670618   1.319381255686988
-0.4249317561419472   1.4940855323020918
-0.5232029117379433   1.6524112829845312
-0.6433121019108281   1.7998180163785262
-0.7907188353048236   1.9308462238398532
-0.9381255686988172   2.0345768880800725
-1.1073703366696996   2.127388535031847
-1.2820746132848049   2.198362147406733
-1.4622383985441312   2.252957233848953
-1.6478616924476794   2.2857142857142847
-1.8389444949954514   2.302092811646951
-2.0300272975432216   2.302092811646951
-2.21565059144677     2.2857142857142847
-2.4012738853503186   2.247497725204731
-2.5814376706096454   2.192902638762511
-2.7616014558689725   2.121929026387625
-2.9253867151956343   2.02911737943585
-3.0782529572338495   1.9144676979071873
-3.220200181983622    1.7834394904458581
-3.334849863512285    1.6414922656960864
-3.4331210191082806   1.4777070063694264
-3.504094631483167    1.3030027297543212
-3.5423111919927206   1.1173794358507734
-3.5423111919927206   0.9262966333030023
-3.509554140127389    0.7352138307552316
-3.449499545040947    0.5605095541401273
-3.3621474067333943   0.3967242948134664
-3.2474977252047315   0.24931756141947314
-3.10555050045496     0.10737033666969964
-2.9636032757051862  -0.0018198362147403557
-2.794358507734305   -0.10009099181073555
-2.6251137397634214  -0.1765241128298456
-2.4394904458598745  -0.236578707916288
-2.2593266606005455  -0.2747952684258417
-2.10100090991811    -0.2966333030027295
-1.9426751592356712   -0.30209281164695145
