-1.8717015468607832   -1.257506824385807
-1.686078252957234    -1.2520473157415832
-1.4895359417652418   -1.2302092811646954
-1.3039126478616927   -1.2029117379435839
-1.1182893539581444   -1.164695177434032
-0.9108280254777084   -1.1046405823475887
-0.7197452229299364   -1.0391264786169243
-0.5450409463148329   -0.9681528662420389
-0.37579617834394874  -0.8862602365787087
-0.20655141037306723  -0.7879890809827126
-0.05368516833485071  -0.6842584167424937
0.0991810737033676    -0.5641492265696089
0.24112829845313755   -0.4385805277525021
0.3666969972702461    -0.30209281164695145
0.48680618744313      -0.15468607825295777
0.59599636032757       0.009099181073702667
0.6833484986351221     0.16742493175614204
0.7597816196542304     0.3421292083712464
0.8198362147406728     0.5222929936305731
0.8580527752502274     0.7133757961783433
0.8798908098271143     0.8935395814376705
0.8798908098271152     1.0846223839854408
0.8635122838944502     1.2757051865332127
0.8198362147406719     1.466787989080982
0.7652411282984524     1.6414922656960864
0.6888080072793441     1.8216560509554136
0.6014558689717928     1.9854413102820736
0.49226569608735105    2.1492265696087345
0.3776160145586891     2.2911737943585067
0.2465878070973604     2.4331210191082793
0.11010009099181062    2.558689717925386
-0.037306642402183954  2.673339399454048
-0.19563239308462332   2.7770700636942665
-0.35941765241128376   2.875341219290263
-0.5286624203821662    2.957233848953593
-0.7033666969972714    3.0336669699727015
-0.8835304822565986    3.099181073703366
-1.069153776160146     3.153776160145586
-1.260236578707917     3.197452229299362
-1.4349408553230214    3.224749772520472
-1.6205641492265705    3.24658780709736
-1.8171064604185592    3.2629663330300263
-2.002729754322111     3.2629663330300263
-2.18835304822566      3.2520473157415823
-2.379435850773431     3.230209281164694
-2.565059144676979     3.202911737943584
-2.7506824385805277    3.1592356687898078
-2.9363057324840764    3.1101000909918097
-3.116469517743404     3.0500454959053673
-3.2966333030027295    2.973612374886259
-3.4604185623293904    2.897179253867151
-3.6242038216560517    2.7989080982711547
-3.7825295723384897    2.6951774340309362
-3.9353958143767063    2.580527752502274
-4.077343039126479     2.454959053685167
-4.208371246587808     2.318471337579617
-4.328480436760692     2.1710646041856223
-4.437670609645132     2.012738853503184
-4.5250227479526846    1.848953594176522
-4.606915377616015     1.6687898089171975
-4.661510464058235     1.4940855323020923
-4.705186533212011     1.313921747042766
-4.727024567788899     1.1282984531392164
-4.7324840764331215    0.9317561419472238
-4.716105550500455     0.7461328480436755
-4.677888989990901     0.5605095541401273
-4.628753412192903     0.38580527752502247
-4.552320291173794     0.2056414922656966
-4.45950864422202      0.03639672429481333
-4.355777979981802    -0.127388535031848
-4.246587807097361    -0.2693357597816197
-4.115559599636033    -0.41128298453139234
-3.9790718835304824   -0.5368516833484982
-3.8316651501364882   -0.6569608735213839
-3.6733393994540493   -0.7661510464058239
-3.5095541401273893   -0.8644222020018191
-3.3457688808007284   -0.9463148316651502
-3.1656050955414017   -1.0282074613284813
-2.990900818926297    -1.0937215650591448
-2.7998180163785267   -1.1483166515013643
-2.625113739763422    -1.1919927206551408
-2.4449499545040947   -1.2192902638762506
-2.248407643312102    -1.2465878070973604
-2.057324840764332    -1.257506824385806
-1.8717015468607832   -1.257506824385807
