-2.0136487716105558  -1.4758871701546852
-1.7679708826205633  -1.4704276615104632
-1.5332120109190166  -1.4540491355777982
-1.3093721565059138  -1.4267515923566876
-1.1073703366697005  -1.388535031847133
-0.9053685168334864  -1.3339399454049135
-0.7142857142857144  -1.2738853503184702
-0.5341219290263881  -1.2083712465878076
-0.359417652411282   -1.1319381255687002
-0.19017288444040226 -1.0445859872611472
-0.04276615104640502 -0.9572338489535941
0.11555959963603168  -0.8535031847133769
0.2575068243858052   -0.7443130118289352
0.388535031847133    -0.6296633303002732
0.5195632393084617   -0.5040946314831674
0.6342129208371245   -0.37306642402183776
0.7379435850773426   -0.2365787079162871
0.8362147406733387   -0.08917197452229164
0.9290263876251128    0.08007279344858897
1.005459508644222     0.24931756141947137
1.0655141037306635    0.42402183803457616
1.10919017288444      0.6151046405823477
1.120109190172884     1.3466787989080977
1.0764331210191074    1.5323020928116464
1.016378525932665     1.7179253867151951
0.9399454049135576    1.8926296633302995
0.8525932666060045    2.0564149226569604
0.7707006369426752    2.192902638762511
0.6615104640582352    2.340309372156505
0.5304822565969047    2.4877161055504997
0.37215650591446714   2.646041856232938
0.2302092811646954    2.7661510464058225
0.055505004549590176  2.891719745222929
-0.12465878070973613  3.0063694267515912
-0.2939035486806185   3.099181073703366
-0.4849863512283896   3.186533212010918
-0.6924476797088266   3.268425841674248
-0.8999090081892636   3.3339399454049126
-1.1073703366697005   3.3885350318471326
-1.3202911737943595   3.4267515923566867
-1.5386715195632394   3.459508644222019
-1.7515923566879001   3.4758871701546847
-1.991810737033667    3.4758871701546847
-2.193812556869883    3.464968152866241
-2.395814376706099    3.4485896269335745
-2.5814376706096454   3.4212920837124647
-2.75614194722475     3.3885350318471326
-2.9199272065514106   3.3448589626933565
-3.1164695177434036   3.284804367606914
-3.26933575978162     3.230209281164694
-3.427661510464058    3.1646951774340297
-3.5969062784349424   3.0828025477707
-3.75523202911738     2.9954504094631473
-3.9080982711555965   2.897179253867151
-4.050045495905369    2.7934485896269328
-4.186533212010919    2.684258416742492
-4.317561419472248    2.558689717925386
-4.437670609645132    2.4331210191082793
-4.546860782529572    2.2966333030027286
-4.656050955414013    2.143767060964512
-4.748862602365787    1.9909008189262956
-4.830755232029118    1.8161965423111912
-4.896269335759782    1.6469517743403088
-4.950864422202002    1.4558689717925377
-4.989080982711556    1.2374886260236577
-5                    1.0354868061874427
-4.994540491355778    0.8662420382165599
-4.978161965423112    0.6969972702456766
-4.9454049135577804   0.5386715195632386
-4.901728844404004    0.36942675159235616
-4.8416742493175615   0.21110100090991768
-4.754322111010009    0.03093721565059049
-4.661510464058235   -0.1273885350318471
-4.5359417652411285  -0.3075523202911743
-4.4049135577798     -0.4658780709736119
-4.252047315741583   -0.6187443130118284
-4.099181073703367   -0.7497725204731571
-3.9353958143767063  -0.8753412192902639
-3.7606915377616015  -0.9845313921747048
-3.5969062784349406  -1.077343039126478
-3.444040036396724   -1.1537761601455863
-3.280254777070064   -1.2247497725204726
-3.1000909918107378  -1.290263876251136
-2.892629663330301   -1.3503184713375793
-2.685168334849864   -1.3994540491355778
-2.4613284804367614  -1.4376706096451324
-2.221110100090991   -1.4649681528662413
-2.0136487716105558  -1.4758871701546852
