1.000000000000000000e+00 0.000000000000000000e+00
1.258925410000000022e+00 0.000000000000000000e+00
1.584893190000000063e+00 0.000000000000000000e+00
1.995262309999999983e+00 0.000000000000000000e+00
2.511886430000000114e+00 0.000000000000000000e+00
3.162277659999999990e+00 0.000000000000000000e+00
3.981071710000000152e+00 3.505318373888968969e-43
5.011872340000000037e+00 3.998612862547288844e-43
6.309573440000000311e+00 4.301140745686231197e-42
7.943282349999999603e+00 1.651337763399492880e-41
1.000000000000000000e+01 3.760343787376821700e-41
1.258925409999999978e+01 7.888305714760361698e-41
1.584893190000000018e+01 1.511274907351325894e-40
1.995262310000000028e+01 2.146247820278800241e-40
2.511886429999999848e+01 3.718119619944778369e-40
3.162277660000000168e+01 6.316850132155913061e-40
3.981071709999999797e+01 9.261618355779624556e-40
5.011872340000000037e+01 1.234932219276938288e-39
6.309573439999999778e+01 1.633902633036298699e-39
7.943282349999999781e+01 2.551484965242497278e-39
1.000000000000000000e+02 3.597490602826186998e-39
1.258925409999999943e+02 4.795977011494252662e-39
1.584893189999999947e+02 6.301939564300772285e-39
1.995262309999999957e+02 8.710080693725159012e-39
2.511886430000000132e+02 1.159070061394004936e-38
3.162277659999999742e+02 1.519805902178710290e-38
3.981071709999999939e+02 2.105355377535367598e-38
5.011872339999999895e+02 2.546527069153894297e-38
6.309573440000000346e+02 3.521448427212874656e-38
7.943282349999999497e+02 4.507187293315963282e-38
1.000000000000000000e+03 5.949988481685881883e-38
1.258925410000000056e+03 8.185766600242329908e-38
1.584893190000000004e+03 9.967377590868128985e-38
1.995262310000000070e+03 1.285704346607403641e-37
2.511886430000000018e+03 1.684782956911740917e-37
3.162277660000000196e+03 2.201808817346386977e-37
3.981071710000000166e+03 2.948941932384555166e-37
5.011872339999999895e+03 3.615985025174922816e-37
6.309573440000000119e+03 4.430395043688008576e-37
7.943282350000000406e+03 5.938787754448469593e-37
1.000000000000000000e+04 7.194685507841036261e-37
