2.000000000000000000e+00 3.638102068965517592e-46
3.000000000000000000e+00 2.480594999999999463e-43
4.000000000000000000e+00 1.854480448598130947e-42
5.000000000000000000e+00 5.451524358974359748e-42
6.000000000000000000e+00 1.129785732283464542e-41
6.099999999999999645e+00 1.200642507812499846e-41
6.200000000000000178e+00 1.273760537984496009e-41
6.299999999999999822e+00 1.349083163076923221e-41
6.400000000000000355e+00 1.426678961832060906e-41
6.500000000000000000e+00 1.506555867424242571e-41
6.599999999999999645e+00 1.588754977443609110e-41
6.700000000000000178e+00 1.673269399999999795e-41
6.799999999999999822e+00 1.759988693333333306e-41
6.900000000000000355e+00 1.848926486029411676e-41
7.000000000000000000e+00 1.940041773722627608e-41
7.099999999999999645e+00 2.033271966666666371e-41
7.200000000000000178e+00 2.128662906474820326e-41
7.299999999999999822e+00 2.226246168571428169e-41
7.400000000000000355e+00 2.325972356028368757e-41
7.500000000000000000e+00 2.427903169014084706e-41
7.599999999999999645e+00 2.532039703496503447e-41
7.700000000000000178e+00 2.638310140277777897e-41
7.799999999999999822e+00 2.746698024827586184e-41
7.900000000000000355e+00 2.857170544520547828e-41
8.000000000000000000e+00 2.969746721088435963e-41
8.099999999999999645e+00 3.084366216891891575e-41
8.199999999999999289e+00 3.200999218791946372e-41
8.300000000000000711e+00 3.319668830000000234e-41
8.400000000000000355e+00 3.440371589403974267e-41
8.500000000000000000e+00 3.563071325657894831e-41
8.599999999999999645e+00 3.687780108496731505e-41
8.699999999999999289e+00 3.814504718181817711e-41
8.800000000000000711e+00 3.943296067096774570e-41
8.900000000000000355e+00 4.074078719230769856e-41
9.000000000000000000e+00 4.206781261146497351e-41
9.099999999999999645e+00 4.341487322784809376e-41
9.199999999999999289e+00 4.478225964779873520e-41
9.300000000000000711e+00 4.616818123124999764e-41
9.400000000000000355e+00 4.757245708074534719e-41
9.500000000000000000e+00 4.899518799382716318e-41
9.599999999999999645e+00 5.043699121472392222e-41
9.699999999999999289e+00 5.189734751829268130e-41
9.800000000000000711e+00 5.337601716363636297e-41
9.900000000000000355e+00 5.487316178313252014e-41
1.000000000000000000e+01 5.638906227544909886e-41
2.000000000000000000e+01 2.792626367041198497e-40
3.000000000000000000e+01 5.951497111716621185e-40
4.000000000000000000e+01 9.712130192719485614e-40
5.000000000000000000e+01 1.390906437389770715e-39
6.000000000000000000e+01 1.842601529235382222e-39
7.000000000000000000e+01 2.321834745762712081e-39
8.000000000000000000e+01 2.823395893886966518e-39
9.000000000000000000e+01 3.344194870734229296e-39
1.000000000000000000e+02 3.883336363636363542e-39
2.000000000000000000e+02 9.889682631833575187e-39
5.000000000000000000e+02 3.077974442470889686e-38
1.000000000000000000e+03 6.874791894308136319e-38
2.000000000000000000e+03 1.477752728359994142e-37
5.000000000000000000e+03 3.847480675894302068e-37
1.000000000000000000e+04 7.602296361437835364e-37
2.000000000000000000e+04 1.444243878300769228e-36
5.000000000000000000e+04 3.170417864006222634e-36
1.000000000000000000e+05 5.490482037703473701e-36
2.000000000000000000e+05 9.163777713446599301e-36
5.000000000000000000e+05 1.713200743110042078e-35
1.000000000000000000e+06 2.657879192209412331e-35
2.000000000000000000e+06 4.015088149454699017e-35
5.000000000000000000e+06 6.700081721890491992e-35
1.000000000000000000e+07 9.629891647972597003e-35
2.000000000000000000e+07 1.366690742158601399e-34
5.000000000000000000e+07 2.122951415524510412e-34
1.000000000000000000e+08 2.900930305637669512e-34
2.000000000000000000e+08 3.964525667188389292e-34
5.000000000000000000e+08 5.873990121288532999e-34
1.000000000000000000e+09 7.823496147582575232e-34
2.000000000000000000e+09 1.030654096547308590e-33
5.000000000000000000e+09 1.486466798008134252e-33
1.000000000000000000e+10 1.938777798701019018e-33
2.000000000000000000e+10 2.510136899159103970e-33
5.000000000000000000e+10 3.489846599532361370e-33
1.000000000000000000e+11 4.445102599702178492e-33
2.000000000000000000e+11 5.669504499810071315e-33
5.000000000000000000e+11 7.689888399896955769e-33
1.000000000000000000e+12 9.391472099937077577e-33
2.000000000000000000e+12 1.141127399996177229e-32
5.000000000000000000e+12 1.401504499998121912e-32
