2.000000000000000000e+00 -6.497216091954023640e-48
3.000000000000000000e+00 -1.408061999999999773e-44
4.000000000000000000e+00 -1.161693757009345790e-43
5.000000000000000000e+00 -2.864090811965812225e-43
6.000000000000000000e+00 -4.022825244094488276e-43
6.099999999999999645e+00 -4.042438928124999814e-43
6.200000000000000178e+00 -4.025832206201550137e-43
6.299999999999999822e+00 -3.973423908461539123e-43
6.400000000000000355e+00 -3.890032317557251497e-43
6.500000000000000000e+00 -3.779236106060605707e-43
6.599999999999999645e+00 -3.614598081203007530e-43
6.700000000000000178e+00 -3.422858400000000000e-43
6.799999999999999822e+00 -3.201488305185184888e-43
6.900000000000000355e+00 -2.943788095588235479e-43
7.000000000000000000e+00 -2.670283970802919455e-43
7.099999999999999645e+00 -2.357499949275362130e-43
7.200000000000000178e+00 -2.005865093525179747e-43
7.299999999999999822e+00 -1.627330130714285610e-43
7.400000000000000355e+00 -1.208810835460993186e-43
7.500000000000000000e+00 -7.474550176056338480e-44
7.599999999999999645e+00 -2.426372651748251396e-44
7.700000000000000178e+00 3.286339252777777717e-44
7.799999999999999822e+00 9.602193227586204892e-44
7.900000000000000355e+00 1.634328949315068363e-43
8.000000000000000000e+00 2.369249414965986182e-43
8.099999999999999645e+00 3.136588722972972331e-43
8.199999999999999289e+00 3.935116051006710555e-43
8.300000000000000711e+00 4.799163528666665904e-43
8.400000000000000355e+00 5.717467788079471073e-43
8.500000000000000000e+00 6.690925986842106300e-43
8.599999999999999645e+00 7.695413215686272725e-43
8.699999999999999289e+00 8.702472155844154312e-43
8.800000000000000711e+00 9.747175793548385849e-43
8.900000000000000355e+00 1.085046352564102651e-42
9.000000000000000000e+00 1.198117433121019033e-42
9.099999999999999645e+00 1.315155959493670607e-42
9.199999999999999289e+00 1.438515124528302053e-42
9.300000000000000711e+00 1.570285470000000058e-42
9.400000000000000355e+00 1.707353995031056009e-42
9.500000000000000000e+00 1.851646172839506168e-42
9.599999999999999645e+00 2.002297089570551979e-42
9.699999999999999289e+00 2.162394739024390139e-42
9.800000000000000711e+00 2.327702533333333048e-42
9.900000000000000355e+00 2.497184945783132288e-42
1.000000000000000000e+01 2.673610419161676417e-42
2.000000000000000000e+01 4.727235056179775544e-41
3.000000000000000000e+01 1.393097084468664836e-40
4.000000000000000000e+01 2.693999486081370740e-40
5.000000000000000000e+01 4.299597707231041110e-40
6.000000000000000000e+01 6.152612563718140629e-40
7.000000000000000000e+01 8.217130521512387719e-40
8.000000000000000000e+01 1.045997877739331034e-39
9.000000000000000000e+01 1.285982264736297722e-39
1.000000000000000000e+02 1.540781818181818128e-39
2.000000000000000000e+02 4.613727334300919340e-39
5.000000000000000000e+02 1.647621669626998036e-38
1.000000000000000000e+03 3.955204628985795273e-38
2.000000000000000000e+03 9.011385558379429702e-38
5.000000000000000000e+03 2.511185411548525023e-37
1.000000000000000000e+04 5.215241588135949039e-37
2.000000000000000000e+04 1.041101431020608082e-36
5.000000000000000000e+04 2.433626993982806202e-36
1.000000000000000000e+05 4.400653356225132720e-36
2.000000000000000000e+05 7.630656772998104040e-36
5.000000000000000000e+05 1.488648752106721513e-35
1.000000000000000000e+06 2.371575910441400220e-35
2.000000000000000000e+06 3.665026022162825227e-35
5.000000000000000000e+06 6.265929703654196079e-35
1.000000000000000000e+07 9.148587670446261373e-35
2.000000000000000000e+07 1.314873359517424547e-34
5.000000000000000000e+07 2.071143722466740982e-34
1.000000000000000000e+08 2.854942608718844979e-34
2.000000000000000000e+08 3.919857168684783741e-34
5.000000000000000000e+08 5.818030822038387578e-34
1.000000000000000000e+09 7.739309848146622217e-34
2.000000000000000000e+09 1.016996496593061730e-33
5.000000000000000000e+09 1.460936398042345219e-33
1.000000000000000000e+10 1.899822598727118742e-33
2.000000000000000000e+10 2.452887499178282733e-33
5.000000000000000000e+10 3.399083699544522840e-33
1.000000000000000000e+11 4.320118099710552232e-33
2.000000000000000000e+11 5.500045499815747996e-33
5.000000000000000000e+11 7.447436899900204078e-33
1.000000000000000000e+12 9.092867299939077438e-33
2.000000000000000000e+12 1.105945499996294980e-32
5.000000000000000000e+12 1.363548399998172739e-32
